0,1,2,3,4,5,6,7,8,9,10,11,12,13,14,15,16,17,18,19,20,21,22,23,24,25,26,27,28,29,30,31,32,33,34,35,36,37,38,39,40,41,42,43,44,45,46,47,48,49,50,51,52,53,54,55,56,57,58,59,60,61,62,63,64,65,66,67,68,69,70,71,72,73,74,75,76,77,78,79,80,81,82,83,84,85,86,87,88,89,90,91,92,93,94,95,96,97,98,99,100,101,102,103,104,105,106,107,108,109,110,111,112,113,114,115,116,117,118,119,120,121,122,123,124,125,126,127,128,129,130,131,132,133,134,135,136,137,138,139,140,141,142,143,144,145,146,147,148,149
0.0,0.021074053809411807,0.058943004635971304,0.007277810520000306,0.7745342070108876,0.07358124381002754,0.16695633961494402,0.7265802990777955,0.0016469795924919082,0.037902160396353815,0.31964634676996,0.39411258133958865,0.0109712499427098,0.004924901319988437,0.027090165546343623,0.004737601060066956,0.07939514272420427,0.8532203249507081,0.0817039378068153,0.27056879984508475,0.4280442882002146,0.3209062220306645,0.24593368293373144,0.20568473993043315,0.30410396249006644,0.032192887936832434,0.38709269618464737,0.8998544672833663,0.7811072189542377,0.06110460824725521,0.026070925242729873,0.3230300960346967,0.047042431964795135,0.01620195925227359,0.032735030126681754,0.19950652729840454,0.42771632121026176,0.5976103332664939,0.0033166499841225643,0.8000548372485691,0.7590030626999309,0.0005018796066459677,0.026888853004240456,0.18943998642399398,0.17335298515393152,0.010890088647566002,0.29489823707333684,0.041569662133314166,0.4467364575591701,0.4648231324653678,3.949005897769926e-17,2.0220144813603242e-19,4.4000758456825765e-21,1.0384711280283988e-14,8.438456819063583e-25,1.4823621708359903e-20,7.966492611128032e-19,2.332192079944223e-07,1.580092091797974e-21,4.2068321120008876e-13,9.026974892483318e-09,2.2727074302086944e-19,6.664467487863211e-13,2.0844327709602896e-22,3.3136762110254733e-12,2.1378894427490747e-19,9.465038462095773e-18,1.5561010746429777e-13,1.9959448698585306e-16,8.618841760267229e-15,2.8605812542746294e-19,3.5146934751605215e-18,2.4723364762018122e-22,1.9500953047118785e-18,7.57726874086441e-19,1.002046235381828e-21,1.3201091963526018e-20,6.0213044064273855e-27,4.730456924312157e-22,2.8705094035266277e-10,6.087566054819093e-14,1.0214750958207734e-12,9.358300589858167e-18,1.6341086296155882e-25,6.535088304937826e-15,1.834664436358837e-13,5.320371173861148e-23,2.4039351483152186e-15,1.3756321317416672e-13,2.2903728467273712e-16,1.4647980414600678e-17,1.4052465800562388e-20,9.189011179861659e-19,6.336185261767752e-08,3.38441118877986e-19,6.579855607650767e-14,2.9068378627507266e-18,2.9132849965459876e-19,2.936025518194107e-07,4.9038909095236695e-18,2.1849687440535334e-28,4.677163849964955e-27,6.820108397122939e-38,1.8753224495979466e-30,4.204091558260747e-43,1.032050945805156e-29,7.431143201267151e-13,3.305903127981697e-26,5.18394404749901e-25,1.141808696770751e-27,1.9065492111053727e-29,1.719964441613969e-30,1.1978772098742569e-42,9.048995240344004e-21,3.0062418800657627e-22,1.6852793293827347e-38,7.448600035396896e-29,3.2394205529879713e-21,1.5871127310028076e-25,3.826697088724034e-17,6.526052592857035e-44,7.147878959852664e-21,5.631015820226839e-25,1.830419758272722e-29,1.3264763191534985e-35,4.731639590595635e-26,7.423230513954453e-29,9.072020850584552e-26,3.708710800765605e-32,1.609563926425126e-23,4.062142768846774e-29,6.621676809824711e-20,7.464236296313124e-32,1.9354510375300056e-25,1.0340346715648115e-18,1.6631784992908044e-30,9.136549566102707e-30,4.046879339133622e-27,9.766824506720369e-24,1.4921210766661156e-41,1.0280075827267189e-42,3.022859588374782e-36,4.677163849964955e-27,1.0083718888794288e-45,1.0315766722767234e-38,1.3970196689549503e-38,1.7394540060907846e-25,9.524121563386778e-37,1.6997268611614594e-26,3.1156560700289612e-24
0.021074053809411807,0.0,0.4108898844130788,0.4473012873359846,0.004285292383302303,0.00019220209029601062,0.08593721323417154,0.06287018005658751,0.3133126712379155,0.7270244972600665,0.000756516592634855,0.08999947260237735,0.8265768747321656,0.21852900753105642,0.00013497800659085523,3.092190819808754e-05,0.00017618498459377624,0.020329091694523706,0.0006042502025982318,0.0006085663667547632,0.04236658677339291,0.0013694499089633681,0.03078533594769231,0.13575342862120884,0.10095514889899786,0.8840661429328489,0.060849043239449424,0.014035065124037703,0.05657855843474343,0.39709868499614764,0.7290232944048448,0.03749121305050253,0.00015080423355496363,4.1729852078234664e-05,0.8305579782259167,0.5003441654632697,0.016263756519870522,0.013011208907158203,0.30548658950024193,0.05587071523202866,0.019103432770219305,0.09758833093151464,0.21461890854788962,0.029399986599796698,0.001521325497708664,0.8312232673713988,0.0007456433494777134,0.33572835921415217,0.0014490179162052958,0.24554863473543037,1.0730610557280328e-15,1.4370353470843133e-17,7.747198547997935e-19,4.729081036690009e-10,1.2917182274192412e-20,3.6767509891884975e-16,2.854276064166598e-17,0.00020046429013842113,2.4940895511498453e-18,1.2855897974908043e-09,2.9242413622352662e-05,2.4114138806892467e-16,8.554405751619022e-09,1.1869617173839497e-18,1.2580329583174354e-09,2.3982508711897373e-17,8.67451748978526e-15,4.4544942967768695e-10,3.579895408103947e-12,3.462846498731761e-10,4.9801381529937185e-17,1.4871317358512978e-14,1.6802975405642524e-17,6.568490007002588e-15,7.112036651709485e-16,6.313874516979888e-19,2.2410646531518342e-17,1.797149787414485e-23,2.8796033020154744e-18,4.358430910047438e-07,2.9822531451316937e-09,3.123240932167979e-08,2.637680449792668e-13,1.605702564489221e-20,2.583683273935694e-12,1.3773888076897407e-12,1.7788261872542553e-20,2.0982201197276885e-11,3.2542583809727596e-11,1.487152857299166e-11,8.693504014265012e-13,1.4965057758680407e-17,9.974205157323815e-14,0.00010038208580986501,1.904967982317481e-14,1.5568685805681537e-11,1.1190635520609542e-14,4.906752880715314e-16,0.0001674471226946404,5.059364110423813e-14,3.2314347011028473e-25,7.8036334105639665e-22,4.0554675847217994e-33,8.151782123927447e-26,3.1011877923882873e-37,4.01125012965328e-26,1.6490444105412488e-09,8.985942025443331e-23,2.0195908640310305e-20,1.834201705837913e-25,3.0538960432442636e-26,3.485784183812624e-25,4.371327915481523e-37,2.588289773202141e-16,1.6771860534483894e-18,4.959705076054913e-34,5.683523627377714e-25,6.944333621807137e-20,8.9865274221672e-22,9.517080089249765e-13,4.882760937667237e-39,4.9312953867427953e-17,1.2603573155242307e-21,4.2983653139320135e-24,4.6572985604517263e-32,2.0618724019176727e-23,7.262260122049542e-24,4.90337871668231e-22,4.790497766300772e-27,1.0718916075859256e-20,4.534869778783671e-25,8.133963953593577e-19,7.958452932519784e-27,4.699485895043425e-21,6.135362550858688e-15,7.562955963147296e-27,8.01727561310177e-27,9.036626505883896e-24,3.1407565694552125e-20,1.1736598708226466e-36,1.9856742769346003e-37,5.973444744879646e-32,7.8036334105639665e-22,1.4971520506658334e-40,1.3555937460033327e-34,1.7577409464175098e-33,2.3355587408698067e-20,8.993586292212695e-32,6.157881978304048e-24,1.3437811263505625e-20
0.058943004635971304,0.4108898844130788,0.0,0.672317601251776,0.02634375844134041,0.0002783066814488174,0.45651386124886945,0.1757184157558607,0.22105606237863829,0.4480395571995595,0.0010785708318032442,0.36472214628220634,0.4171651062484466,0.28512543016831626,9.408804288387132e-05,2.5808898569499408e-05,0.00030450013647882165,0.05384674106468366,0.0003643587815117361,0.0025619155337987753,0.022229247694652413,0.004906773314321562,0.17123983165694598,0.10690083911161437,0.24620142426823596,0.275939251458455,0.11578349265953397,0.025429799906661277,0.07015053385615232,0.7723136400031462,0.582488062284976,0.020885742246178604,0.00037819140205794087,5.751789117514233e-05,0.5034183036199921,0.5059868129665342,0.010875714055936368,0.06804646751138124,0.36716679832833654,0.1014055061600794,0.08163974179262931,0.016822792858315363,0.6181014097067044,0.04630701383540651,0.0036476853023193214,0.4191070539822075,0.0029481259233656884,0.9039397586591909,0.0029018161021403246,0.39719037718577155,2.5012259746571408e-20,1.2457515975940607e-22,1.8256567546614856e-24,6.024454147308668e-14,1.936847673449306e-27,1.395059065247755e-21,6.891740522464414e-22,3.513114597900699e-06,1.803124526422039e-24,1.0313175008842495e-12,1.9752544450601633e-07,2.5268591409112047e-21,1.284366504812888e-12,1.2417015593980784e-24,7.446706674160431e-13,9.854841116643173e-23,4.985450837760637e-19,4.427352894142321e-14,1.343034893600023e-16,2.1131936311801658e-14,2.0849229107180826e-21,8.530095666666992e-20,1.637956598213128e-23,4.656489006929089e-20,2.7410076664726374e-21,5.0673340386885545e-25,3.993613207172399e-23,1.97821221308835e-30,5.036316821806343e-24,3.3768663440001964e-10,3.7024061644684246e-13,6.846391273941761e-12,1.968965973718141e-18,5.607618636161354e-27,1.0668069777510943e-15,1.1558958811568533e-15,1.1844702525001094e-26,9.512260443477911e-16,1.182971980102144e-14,6.66659452978464e-16,1.965337686145732e-17,5.323630642752968e-23,3.9337396356069343e-19,1.0662730261084412e-06,1.478060193818013e-19,3.2492540183909495e-15,1.6201595010365127e-19,1.737138422923402e-21,2.5559742974804748e-06,6.827655010152483e-19,3.2421030445717488e-31,3.303166529891525e-28,2.93767949796748e-42,3.1918902690587244e-33,3.2092844750427644e-47,3.3658984074787166e-33,3.1852013290270373e-12,2.951246646477596e-29,1.0061933478966714e-26,1.8235308445739906e-31,3.3776105429950386e-33,9.439785246010735e-33,2.2084399455549126e-47,4.0085337719465796e-21,2.6060352716444956e-23,1.1198130822457358e-42,4.706903544580394e-32,1.6070113358563038e-24,8.705440372802477e-28,3.4446900708072083e-17,3.489300794933275e-49,1.0892376126934056e-21,1.1666176137522558e-27,1.3549325148405459e-31,2.8761131553344496e-40,9.09012415876472e-30,4.027373698497249e-31,2.8678460008593617e-28,1.1414306886494981e-34,1.0263364092498463e-26,2.505723431471597e-32,2.7629852651178815e-23,2.8444559488127582e-34,9.402699698352986e-28,1.0230381589655454e-19,4.3335739596643035e-34,3.7870734527002965e-33,2.7116653966789837e-30,6.555051783970144e-26,1.1065895990467105e-46,3.5582189901769735e-47,1.6890251940263428e-40,3.303166529891525e-28,5.220113206714198e-51,3.993486648114902e-43,1.518000445140495e-42,9.47150896436647e-27,1.149896771706149e-40,1.4288691727687038e-29,2.9115031910857265e-26
0.007277810520000306,0.4473012873359846,0.672317601251776,0.0,0.00239656005260581,2.4193712612839184e-05,0.22789736428698576,0.034619735031152093,0.49755893906618215,0.39220052310954856,6.686042451641502e-05,0.14470739972091767,0.5281870911678165,0.41616818136759265,6.650294914750729e-06,2.6526888503190193e-06,1.871757183001601e-05,0.006982186715099705,3.790565335130761e-05,0.00021613352858158936,0.005081217183567878,0.00047032492835971776,0.05135385580293736,0.05475151696032732,0.1534914592466042,0.31311105292162583,0.03459584397198974,0.002840662179446356,0.010674882272254809,0.7473065797251658,0.6896458669175144,0.004275766714686837,3.795096548225227e-05,4.329851991470236e-06,0.4375584155786653,0.19459098700503835,0.0013728176446133784,0.011874920671641344,0.6436404116216501,0.01726526233651394,0.00997734393225344,0.03596218442927308,0.6510733229246473,0.016518056818159134,0.0006667211039982935,0.5311865187917951,0.0002864761511684604,0.8189542043767821,0.00022594159156988903,0.12258558191772344,5.403889884340269e-21,3.52487529357865e-23,4.272832835552164e-25,2.3897622647383946e-13,1.0593082648210602e-27,3.6564498872310145e-21,2.0095384930645333e-22,1.2454765893417712e-05,8.239229674913565e-25,3.086061515923869e-12,7.53343102310147e-07,1.9890639407538307e-21,3.4669501001303423e-12,1.2258448479689837e-24,1.0342434704381175e-12,2.361788727793305e-23,6.855441878810235e-19,1.0977615218544179e-13,2.4086296345887373e-16,8.766738694481463e-14,1.1166211380277193e-21,8.643679637418585e-20,2.3826598981854724e-23,6.723883821315544e-20,1.5680896931574086e-21,1.5103358202098058e-25,1.8981329122556415e-23,5.129593693534387e-31,4.892736502841033e-24,7.772361942141684e-10,1.7297139428168592e-12,3.193424680807006e-11,4.6221731741418846e-18,9.078527992865197e-27,1.7403442520942246e-15,4.789299188250885e-16,2.673644945581626e-27,1.5856117151474265e-15,1.6562211244813693e-14,2.7100959471220658e-15,9.586355772460962e-17,3.9837799459285875e-23,1.2038255622732372e-18,3.899721542905217e-06,4.967223897374654e-19,4.555254315914253e-15,2.8653674661815383e-19,1.3464594107896102e-21,6.8389751830201115e-06,1.4545230852111231e-18,7.610992091706509e-32,4.849824415174981e-28,3.5861840044004105e-43,1.996964138236698e-33,6.233874589071743e-48,5.546747254891168e-34,9.024300516792427e-12,8.455470199432709e-30,8.230358076565095e-27,1.6100778390727822e-32,5.857339762366868e-34,6.318355590365063e-33,2.490620959546709e-48,6.612065318604838e-21,1.92529874968472e-23,1.3096160619443474e-43,1.798316548210359e-32,2.0324717448608777e-25,2.7311790627342925e-28,8.081758907519236e-17,1.960002125640467e-50,1.3540162488796468e-21,3.172530252328107e-28,1.0228634190396972e-31,2.937605423374542e-41,1.5984591842651135e-30,2.7763053998531837e-31,1.5959905088494633e-28,5.629298616871574e-35,2.795834203619028e-27,5.9795751574128535e-33,3.261113585184274e-24,1.2956950159571747e-34,8.682187647118297e-28,1.8226287327917067e-19,5.10902172906897e-35,6.106186139112574e-34,1.0152158490725405e-30,4.194101632689154e-26,8.150084310930109e-48,3.245565398554663e-48,1.377715310157183e-41,4.849824415174981e-28,3.416099965194277e-52,3.017048969387474e-44,1.8269923565449433e-43,9.5921646989324e-27,2.412261950652847e-41,2.8932319755631322e-30,2.366195933943782e-26
0.7745342070108876,0.004285292383302303,0.02634375844134041,0.00239656005260581,0.0,0.10156014421662514,0.18043846201253855,0.42518500245067314,0.000571299378409522,0.00847764433146909,0.3003647231911733,0.33182116152051455,0.002361095997966576,0.002670560666193737,0.028702385101411498,0.007315240754991507,0.11096724085333812,0.6616579688204429,0.06951563833227958,0.476666480605506,0.18161684916057128,0.44672959417578345,0.38436937316528297,0.10482584365047805,0.2613680848617281,0.006710504537139271,0.24677657754552362,0.5899256928286255,0.3598838947588991,0.02817208013936964,0.006580360955323905,0.14140178733379682,0.09590948224697626,0.02801847388057059,0.006308912446541992,0.06350841769776629,0.225642909992986,0.8166419632550143,0.0014019273602888748,0.4011195239676285,0.6793200341196813,0.00014368270175071194,0.020399188588513386,0.16901648005808942,0.26507156376380964,0.0023325377472234042,0.514557278201326,0.02271720678025064,0.4822550102408044,0.19920562946988984,1.554765904393635e-18,5.833191530052503e-21,8.50198714791111e-23,2.724042896519172e-16,4.214280597652258e-27,1.756143788814389e-22,3.9518015420729837e-20,3.4037937471892424e-08,1.329008317803713e-23,2.7674173568982213e-14,9.398016764677089e-10,4.930457596619282e-21,1.6757044905491354e-14,2.1301411809885314e-24,1.8364373968669206e-13,3.978414703960116e-21,4.148229633574447e-19,3.825130372215408e-15,4.520526221465898e-18,1.478189936568859e-16,1.740095886889941e-20,3.877914848514773e-20,2.001610565903076e-24,3.0135265504135115e-20,9.671103737406683e-21,9.632699562912124e-24,1.6006323809597572e-22,4.6665495464922275e-29,5.636456028864889e-24,1.1940222648987405e-11,1.2896603679434249e-15,2.463023519345139e-14,8.593034143570748e-20,1.2773396726262097e-27,5.5428586406458e-16,2.747049334538817e-14,6.51351779110396e-25,5.343222619948778e-17,8.510998216719516e-15,4.202056605813417e-18,2.4531491504426254e-19,2.337641505758955e-22,6.427321647344024e-21,7.379739514289847e-09,3.997808644690997e-21,3.2608034669818452e-15,5.3287501894123933e-20,3.511181672451071e-21,3.890257803629875e-08,7.449212826768807e-20,7.977357008099253e-30,4.8720562038414707e-29,2.005358434470426e-40,1.2621058214830252e-32,8.05764091395033e-46,1.275821838492634e-31,8.769200655541699e-14,4.753806912303032e-28,5.4936000806328144e-27,4.669906428552788e-29,2.3780030880699466e-31,7.818752829694397e-33,1.5116236382241204e-45,2.599843465642554e-22,1.3118696300824824e-23,9.352120941513298e-41,6.687188081418183e-31,2.9630123012423136e-22,3.314097238890617e-27,9.749711138648725e-19,1.4595989973473912e-46,2.83203545301508e-22,1.158920887046169e-26,6.949302006912363e-32,1.0413289816922499e-37,9.059283901933126e-28,3.634799712258392e-31,1.2433627081881373e-27,2.258598980059001e-34,2.8614192541467304e-25,3.1927376846354433e-31,6.2123588919414994e-21,5.412395914808641e-34,1.3054235645851515e-27,2.835354265264105e-20,1.7956813109204556e-32,2.8672721524934937e-31,6.005259900455384e-29,1.922213445879164e-25,2.4926003413591993e-44,2.6876990167432685e-45,1.3353708447546185e-38,4.8720562038414707e-29,2.023838408365721e-48,7.872899238591715e-41,4.0995447103115595e-41,1.4119712148137259e-27,2.6161181132472115e-39,7.594040517399898e-28,6.925589517814345e-26
0.07358124381002754,0.00019220209029601062,0.0002783066814488174,2.4193712612839184e-05,0.10156014421662514,0.0,0.00950200831448343,0.012493166838756028,4.090589910906605e-05,0.00013938949037515337,0.48052858966682716,0.010807867594232573,5.378103373671147e-05,0.0001762713747740921,0.47456602709629375,0.388019127802239,0.844988574581084,0.10558001934980467,0.7184746566023236,0.5896160299496647,0.10273730290500906,0.4736986348749661,0.05753989752418385,0.06587858765005704,0.02691350168000199,0.0006223431666501059,0.0465711530746947,0.09757339577432401,0.03664321914055632,0.000505650914665667,0.00012183625398062215,0.14687370830391827,0.46787134482115694,0.5161888464691945,9.899881709904774e-05,0.001987705601839477,0.1945543253048129,0.07965371263536393,5.710830942678179e-05,0.020889583777969813,0.058460101947187114,0.0002123106116449937,0.0008096629233473605,0.196618380386661,0.7004402265508506,0.0001083141694832461,0.49406394792273706,0.00034773077663497533,0.47158682709771377,0.006024258634452653,5.2179518613391e-09,3.508800289457527e-10,2.9051455946441053e-11,4.1307005415265876e-10,4.289495261788675e-14,2.0163398031326442e-12,9.933447720939616e-10,7.395734589740869e-06,4.483395949180929e-12,1.4526889409921708e-08,6.912043961980056e-07,7.040569484557082e-11,4.959344751111161e-09,9.283026562927443e-13,1.5859717776365948e-07,2.3822783337053736e-10,3.5651318652074133e-10,7.850565856319415e-09,1.5332410756789223e-10,3.7288860723513547e-10,2.3895819362981806e-10,8.085052090328725e-11,1.7088709862792906e-13,6.075981752067612e-11,1.0664198444480381e-10,7.529263659913726e-12,1.0708853372841114e-11,1.333912387666875e-14,1.4247390611594118e-12,3.225594520774097e-07,7.237644444208555e-10,3.0505384981758348e-09,2.940346838649223e-11,5.849169633732854e-15,1.0319790047746989e-08,6.382637953784753e-07,3.0161195333837982e-12,7.116849181554989e-10,5.3653918749360836e-08,6.573140383418143e-11,1.894135433501369e-11,1.830723018352165e-11,4.122180907752889e-12,2.7602026439959826e-06,4.52742054924493e-12,3.576321822892158e-08,7.488040088459027e-11,4.904354912519172e-11,1.2212910413142738e-05,4.879483289555992e-11,3.2726616787685147e-15,8.874921971485671e-16,1.6255697051890155e-20,5.999954918448938e-17,1.9015831508821146e-23,3.045168507328534e-16,2.2040404031837388e-08,1.7349660347798762e-14,1.3305582586762997e-14,2.1601824538569897e-14,1.5945158420421142e-15,2.2248342840502455e-17,5.0638433174506254e-23,1.5564445683620664e-12,9.815164569586082e-13,1.9800666646050914e-20,9.616730366167885e-16,5.163349532760612e-11,1.7187013927322297e-14,5.629168485527275e-11,3.0414633176161766e-23,3.919728459448825e-12,5.831981776613063e-14,6.567696691156807e-17,1.2761353981426565e-18,7.29046185602115e-14,2.3383783910578195e-16,3.568345975259797e-14,4.950073217389275e-18,7.725241581955334e-13,3.444708617167907e-16,2.8507835368778795e-10,7.448882820574269e-18,1.526000913159487e-14,2.9613307536700816e-11,1.2920931364296213e-16,1.2341579088991108e-15,1.2745174364312291e-14,4.0178161399288955e-13,4.1184886269773807e-22,6.197830296120529e-23,2.381141035458614e-19,8.874921971485671e-16,2.8931238571019364e-24,1.8839757931673008e-20,6.966146073507707e-21,4.771673105184994e-15,6.606074825301229e-20,6.958665432141954e-14,1.831371726932268e-13
0.16695633961494402,0.08593721323417154,0.45651386124886945,0.22789736428698576,0.18043846201253855,0.00950200831448343,0.0,0.2712253330503616,0.08293056485460534,0.09036940355540071,0.0125913852435681,0.6314080157275365,0.07072587470960613,0.1417828160065944,0.0018754995690225917,0.0012813126861323785,0.00950526728981021,0.19895589815285109,0.005118247866317044,0.0571633060920159,0.0386118917530646,0.08853453776470448,0.5536767446148171,0.20897190305577779,0.4808825633516509,0.07186433967759914,0.3304195747421765,0.08029827761988818,0.09778332232222098,0.44103618200556677,0.16904274586209567,0.0515007817599012,0.010406584566622969,0.002427774906349507,0.11184255841812275,0.1938358818984323,0.026846369058063174,0.2623739090818247,0.15627452959256766,0.1531856842736157,0.31125216044757004,0.00960179252517596,0.5216374854603053,0.24369342991529377,0.06818051514548243,0.11413268812031689,0.05216310472946733,0.5312608540917972,0.029484406859402526,0.2808778434009223,7.324583902746451e-16,2.45962920014979e-17,4.377027413429489e-19,1.263646903936841e-11,1.0140841053143011e-21,5.3516602460887975e-17,1.4594618318212143e-16,2.2660781061863586e-05,2.0137134612666864e-19,4.739527351744593e-10,1.4078760823263497e-06,2.0868496877331704e-16,6.841873601943309e-11,2.917003124039891e-19,4.253988110294611e-10,9.396707713918728e-18,1.5982779601286818e-14,1.3563530388779407e-11,1.0690819324164068e-13,4.912108709132167e-12,4.123542152288113e-16,7.867249065788102e-16,6.2366083350164e-19,5.251484893524051e-16,6.775307430451845e-17,1.2214193191820664e-19,1.888261074271893e-18,1.2293609546112861e-23,1.084239505681356e-18,1.1585340587736515e-08,3.9729621907558434e-11,3.3084012163266416e-10,6.0319841532648065e-15,3.4145626511156655e-21,6.1515495712348085e-12,1.1202945369460797e-11,1.0522235709295843e-20,4.256411657246774e-13,2.7012296290556625e-11,5.301612593769023e-13,4.249507727000842e-14,7.816455956198791e-18,1.1698341075996008e-15,6.982562382323909e-06,1.350388557727606e-15,8.103545928031388e-12,3.092739090457202e-15,5.597864453643626e-17,1.9495421436102174e-05,5.958022986782623e-15,1.4375351887748266e-23,6.802854038674708e-22,1.058157811826186e-32,1.0840814128915272e-25,3.641027433388123e-36,7.311487147783508e-26,1.2111555710698366e-09,6.22901883826099e-23,3.0882921223094214e-21,7.602273502446292e-24,3.070888006056167e-25,1.2676688789448654e-25,1.7041165729738245e-36,1.3697027698391212e-16,6.8926099877981625e-18,2.7470755430064077e-32,9.831086856736705e-25,1.0777315829346243e-18,6.849086713139651e-22,4.522299187533164e-14,1.5718354506492796e-37,1.1412771856829596e-16,9.255181197458088e-22,8.681605243464797e-25,1.4652639057608374e-30,5.138968909561722e-23,3.1786488486872253e-24,1.1790433021115933e-21,7.467108852695723e-27,6.1086589394975485e-21,2.0417308638171898e-25,8.088573986774495e-18,1.6498622070146034e-26,7.898804384980171e-22,1.0053720594059966e-15,1.5824903671349943e-26,7.139229694543501e-25,3.322396389890356e-23,8.169642719827775e-20,7.566088844589688e-36,5.098466845602596e-36,4.693501814748748e-31,6.802854038674708e-22,7.237616373857079e-39,1.1466605595427385e-32,1.1613909770223744e-32,3.39259980630678e-21,3.11610884394905e-31,3.8613822243075598e-22,4.818248785029642e-20
0.7265802990777955,0.06287018005658751,0.1757184157558607,0.034619735031152093,0.42518500245067314,0.012493166838756028,0.2712253330503616,0.0,0.00506838147794266,0.12386087054522234,0.07273043669871136,0.6939917120307336,0.037115442484720304,0.010491450555833904,0.0029195645129402297,0.0004350260642467299,0.011238795991286927,0.6093179529312115,0.015244100845740028,0.07289590919651874,0.30668425650167114,0.11237192743904989,0.18537020441985033,0.2448219952643464,0.5138118620288546,0.08562823518074744,0.4738811158955164,0.5714568452114525,0.6800378652449436,0.20827224991540064,0.10731552185570599,0.20312698680593946,0.007459808294897003,0.00160501446526911,0.12480222860576792,0.363754592570844,0.17561898385740882,0.4075909263052582,0.010109187759362452,0.9058141069263169,0.5856978389697237,0.0006683073140305624,0.061325223064726854,0.14380622832272252,0.06394142519416263,0.03703024270757132,0.08652941174851643,0.12737023583210322,0.12775701428464628,0.7958055961186336,7.719955848022018e-20,2.8382833393662214e-22,2.803501826417284e-24,8.524437860824572e-16,4.656556526493642e-28,1.3666267479668256e-22,1.2721072823195853e-21,1.561503034066554e-07,1.8943735463556313e-24,4.3345776613340505e-14,3.973983223867382e-09,1.0028916393842173e-21,6.235757694993125e-14,3.964257389953063e-25,2.4175716086652806e-13,2.6596228572989023e-22,1.0131230570278964e-19,1.1788721342580423e-14,3.95494514981422e-18,7.990746433269708e-16,7.025743098636787e-22,3.070205434956684e-20,6.5744375719494125e-25,1.707675261317226e-20,2.734682040655139e-21,8.002848666427169e-25,1.9993630996360902e-23,7.408595730442319e-31,1.0551158957254345e-24,5.980560205226815e-11,8.134595101418793e-15,2.0010638596941714e-13,2.261117588225816e-19,1.7697666286793503e-28,1.8544080465030638e-16,2.0374912523895114e-15,1.9922551763572948e-26,6.258084707404016e-17,5.754007246257766e-15,1.2575459720132107e-17,6.043184906340699e-19,3.584681135782967e-23,2.0493787244943674e-20,3.71230608120709e-08,6.653782882119639e-21,2.4645567212000134e-15,4.013370459966513e-20,1.2724073370806097e-21,1.6758740164680985e-07,8.990195524765614e-20,1.2978259419134754e-32,2.928213250348996e-30,1.2686050210243071e-43,1.6115394488873552e-34,2.5848029146010362e-49,2.7526248866566363e-34,6.354334284307373e-14,4.375890213729029e-30,2.9538247511759706e-28,3.2801379343069815e-32,7.313260574997934e-34,1.7374732296627335e-34,5.4851128233882224e-49,4.148949993364952e-23,3.981809633469559e-25,2.8833013186842154e-44,6.57159660920506e-33,8.628536046886644e-25,2.834533458684217e-29,7.229545677354366e-19,9.895929557492474e-51,2.4478382968333577e-23,1.021835806781492e-28,3.175225068347249e-33,4.159637747806845e-41,4.193136144291964e-30,1.4524960873456095e-32,3.397927058243024e-29,1.5757958825264526e-36,4.818743544788799e-27,1.969540008129678e-33,2.5105973301220556e-23,3.238585878441991e-36,1.2387131911782108e-28,8.208104489427419e-21,2.770317529344788e-35,2.6453447714823567e-34,5.8198836134866355e-31,7.823408244835782e-27,6.445633404396123e-48,3.6990566940616816e-49,7.650933273152494e-42,2.928213250348996e-30,9.682343836352894e-53,9.916201380056884e-45,2.5211319289026873e-44,1.2534073781892424e-28,4.991155865711967e-42,1.681607391041149e-30,2.4829502658703845e-27
0.0016469795924919082,0.3133126712379155,0.22105606237863829,0.49755893906618215,0.000571299378409522,4.090589910906605e-05,0.08293056485460534,0.00506838147794266,0.0,0.15690645239842388,4.686139443310207e-05,0.028569183859953846,0.40279383721612616,0.7786502726103393,2.848613205879678e-05,2.4417774699063224e-05,3.513188455518077e-05,0.0017525592556110517,7.33276530580896e-05,0.00014495834098658702,0.002382528057683133,0.00024737020432851706,0.03521342953373717,0.03077368479166643,0.04467294489673961,0.21671993199031317,0.009425723507652809,0.0006923306207561632,0.002676696167941082,0.22297102773671046,0.2555332516266164,0.0025918310482769824,9.088078746812555e-05,2.0677499660682352e-05,0.14707089489975697,0.06816695374427555,0.0009806380113036477,0.004025186348214879,0.909108517181646,0.0029576525512948725,0.0022826677223453363,0.31014602902396193,0.4919579382206553,0.012009870715389493,0.0005625623598080119,0.4035287270133518,0.00018077202651628523,0.3261473339090397,0.00012886008209293966,0.025881364600114212,1.2810831168145489e-14,3.886952634493109e-16,3.1143037164176995e-17,1.779106104469097e-08,1.2024801972104131e-18,3.1382555007844933e-14,1.3661312785736442e-15,0.0014478887081874263,5.342808327382417e-17,4.654596237738709e-08,0.00037518968037841675,1.0795297315827293e-14,7.25916790966823e-08,9.924591831618757e-17,8.142594818200722e-09,3.1428555393771373e-16,7.423237963951296e-13,2.3859970328922337e-09,1.5913790402454582e-10,5.009685200361557e-09,9.039580853726756e-15,1.6448929214578903e-13,2.5792636526291856e-15,1.5529385145058893e-13,7.900633176387163e-15,1.3172032818136715e-17,7.12979622275846e-16,6.0521458987871916e-21,2.874124316388957e-16,1.1252147080457608e-06,4.930444777781539e-08,3.053385914448376e-07,3.5555197308065466e-12,1.2164317609611234e-17,1.5911910436792765e-10,2.595091217454849e-11,8.866255625528322e-19,3.8522464211928427e-10,4.2331527932315156e-10,6.595875514751164e-10,5.3750380641964936e-11,6.97949853531965e-16,2.2354717438536322e-12,0.0007754632695156785,1.1910354997030403e-12,1.4718295742021985e-10,3.493081108465131e-13,7.454196225942626e-15,0.0007806348604053988,1.469294701316142e-12,4.459898535177914e-21,2.9140946693607416e-18,1.3643585626482613e-28,3.5448050183130134e-22,1.513768083507621e-31,1.6915124703936932e-22,1.6796657677820166e-07,8.018305154824161e-20,1.6512360754582196e-17,8.917932013392216e-22,7.200105258317802e-23,1.3316985953565734e-21,5.231822784514533e-32,1.890029873542879e-13,3.0261885923360217e-15,6.021438582855244e-29,9.930855433048259e-22,3.428340307450502e-17,1.8004994121188263e-18,8.848656746557822e-11,1.8513419313927047e-33,3.9471162982161974e-14,1.2429920748240122e-18,7.105337926826512e-21,1.1684338050427716e-27,1.3917313494988408e-20,1.0320841562315643e-20,3.908937539030638e-19,6.347588081618919e-23,2.174536332839232e-18,8.57487147679595e-22,1.7620822315215534e-16,1.2197525043676153e-22,1.3775587017166902e-18,7.55100946758336e-13,3.777185101987741e-23,1.2281297333855654e-22,1.1511968634144916e-20,1.603979271767918e-17,7.697526347145062e-32,8.82429748160599e-32,1.304924967921749e-27,2.9140946693607416e-18,1.457149682864326e-34,2.621640805900115e-29,1.1088289984043824e-28,2.27309402095549e-17,1.7296411789611245e-27,2.7593318643453956e-20,1.286491545459183e-17
0.037902160396353815,0.7270244972600665,0.4480395571995595,0.39220052310954856,0.00847764433146909,0.00013938949037515337,0.09036940355540071,0.12386087054522234,0.15690645239842388,0.0,0.001051435436138446,0.16622719905712646,0.7826323677403653,0.14666952820494306,9.152817280619849e-05,1.3843301579101931e-05,0.0001124964255391503,0.025146576147361297,0.00047560027517889244,0.0007170663892369445,0.05610518982752146,0.0012142509616201117,0.03555846906193871,0.08025595272845773,0.17377976116292185,0.7065595404316284,0.05180852891749025,0.025233899120323814,0.0872611131914855,0.5047047459834266,0.7446732203476288,0.025798255784336303,0.0001734457992117128,3.0612911747742014e-05,0.8204313287681344,0.5249818837854116,0.017865031179220132,0.029101984529003627,0.1786572640147372,0.10319105818591735,0.02331377990814129,0.025923115422326063,0.1901913511795248,0.01548280609649666,0.0014319749078047165,0.42275297419149627,0.0011931073156238251,0.36305827404068985,0.0021846973658944243,0.365773393218643,6.128970339987288e-19,1.9524624805787635e-21,7.20948598520414e-23,6.260721330335859e-13,1.5619529419354354e-25,3.666413829894548e-20,5.480239848422586e-21,8.744135062431289e-06,1.8140905494410956e-22,2.7662846697822752e-12,7.898382596807068e-07,2.3505474517081368e-20,3.647128686800468e-11,5.0646456861143183e-23,3.1904053076216568e-12,3.621044195561762e-21,2.4711656147665605e-18,1.3411251876435716e-12,2.426259816368955e-15,4.702052754790353e-13,6.889343288212091e-21,2.87895822323875e-18,8.519215727358699e-22,2.3524454560413116e-18,1.3506521120761028e-19,3.0767751158714756e-23,2.640997241112719e-21,9.350412683205044e-29,1.0506507681838262e-22,4.228503082256469e-09,5.98209651079888e-12,1.1982407970118567e-10,6.679525485248079e-17,1.8516147392253255e-25,2.940522514867194e-15,2.958966012517795e-15,5.631535206728482e-25,2.53950253344765e-14,6.081201353676875e-14,8.004746790487695e-15,4.0260884434309537e-16,1.3589167494307908e-21,1.7955059169826226e-17,3.4017186562221173e-06,2.805818139974424e-18,3.0418828999072565e-14,2.397245097592815e-18,7.377358533927634e-20,5.757081207335018e-06,1.1268656595129633e-17,1.0565811637437543e-30,3.3302919116365176e-27,2.2703978351858476e-40,1.1933522549539068e-31,1.209008580078072e-45,1.393814033274196e-31,5.317393662087739e-12,1.4841891606631675e-27,4.163616169361613e-25,1.0368078958919246e-30,4.082850636211077e-32,3.6638714270531625e-31,1.8119720332808182e-45,2.0064180484483003e-20,5.755125761682385e-23,9.400435191646431e-42,1.6147984733244057e-30,1.0645386143265287e-23,1.939164899270081e-26,5.867641050379817e-16,1.2476619822972785e-47,3.1829076991834687e-21,3.767310184828247e-26,5.512052691902198e-30,5.967017002335152e-39,3.1968918065957822e-28,1.079832226186069e-29,3.3346249609424545e-27,2.5284179408959787e-33,5.323572486495481e-25,1.7751717900450835e-30,2.254673342162207e-22,4.5529192052938315e-33,6.337466131819668e-26,2.594603776875153e-18,1.3234843917499084e-32,1.1418950271708522e-32,5.625945430020456e-29,5.107395851568441e-25,7.58971762908599e-45,7.0957270943936e-46,3.1291290315770015e-39,3.3302919116365176e-27,1.9662919854030976e-49,3.324079294275748e-42,3.1189801479533265e-41,2.1046373878521087e-25,4.228235372487274e-39,3.594270316046353e-29,2.2271939721169793e-25
0.31964634676996,0.000756516592634855,0.0010785708318032442,6.686042451641502e-05,0.3003647231911733,0.48052858966682716,0.0125913852435681,0.07273043669871136,4.686139443310207e-05,0.001051435436138446,0.0,0.03218257826141299,0.0002655879141181029,0.00023190072745887246,0.3312196843706567,0.0826188355290522,0.47210093352056187,0.2887998339828396,0.6079836270415423,0.5247840812525522,0.35687683883462545,0.39408488279448733,0.07108342835225173,0.06894827045030787,0.05066246600864848,0.0021859765938224565,0.07300027322573369,0.44273756860163965,0.21730880581752762,0.0015408309742486533,0.000497643066406641,0.26867421218155363,0.2814645006435462,0.21000438212234704,0.0006051774189903482,0.011917049549047296,0.6136237912501772,0.22382662869461606,7.643082775088407e-05,0.13045373558554196,0.15837102875550846,0.00011144342514016596,0.001122860652908001,0.11038005914384219,0.3715003303353131,0.00026012790148235597,0.5782192950864373,0.0008973912116144282,0.9506401266527882,0.035697445241144515,3.9270678764969133e-13,3.1017287441053286e-15,2.0480868038423305e-16,2.1818715369959152e-13,4.1111221406927974e-20,1.420820876596591e-17,9.048698580251843e-15,2.416086322062183e-07,3.714390601187591e-17,6.607611438450123e-12,1.524006927653053e-08,5.126182448880854e-16,1.6502733750413475e-11,2.1702203471768844e-18,1.198975067930302e-10,4.198252435847297e-15,5.783819897899172e-15,8.62705099177559e-12,3.552778792399706e-14,2.2006316561235824e-13,1.18646187655728e-15,3.537397337756771e-15,1.0122587380112122e-18,2.7018185643309533e-15,3.3670965538357376e-15,3.701731110302805e-17,1.732974415898978e-16,2.184024661758184e-21,3.025109195135251e-18,2.5632537763780074e-09,7.653290893304857e-13,7.911136988810374e-12,1.9963789323912186e-15,2.3730632860980986e-21,9.095295672594373e-13,1.181637650545803e-10,5.488245565756759e-18,3.7222038612640957e-13,1.4213309120829121e-11,9.584556286739775e-15,1.3222407474704473e-15,9.945478886639006e-17,2.0298527295217303e-16,7.72660505330072e-08,8.376027295345255e-17,9.986643348446972e-12,1.5410292504296963e-15,9.853290075749936e-16,3.7017405699673277e-07,1.5158382005608057e-15,7.937774992917882e-23,8.27839336599318e-23,4.720858521552287e-30,9.324620382511414e-25,9.894047911224205e-35,1.826284249211482e-23,1.2200395489084442e-11,8.925322713106835e-21,1.491019629520451e-20,1.317722301463331e-21,2.27878219201888e-23,4.845517640011409e-25,5.24055444779847e-34,8.513887884543799e-18,1.2594658929030494e-18,7.889349343037875e-31,3.871713092940906e-23,2.4144576692417575e-16,1.5404501882050077e-20,7.606806437413938e-15,9.896981493415356e-35,1.0890625279921622e-17,7.302515077230554e-20,2.558978727458269e-24,4.896392610630494e-28,2.5316760076926373e-20,9.00806577313547e-24,5.1668162208883405e-21,2.8258168294562164e-26,1.82664099771876e-18,3.711946742889544e-23,3.4203686815099475e-15,4.7611142206907647e-26,8.255609861205965e-21,1.1250078937082725e-15,4.341188351574564e-24,9.397620445363373e-24,1.0936443861317846e-21,1.820430827548392e-19,7.426154722183937e-33,3.614450546790153e-34,8.707770255517552e-29,8.27839336599318e-23,2.8858368236555346e-36,9.20717545006443e-31,5.878626941777264e-31,2.63695322993125e-21,1.6158929516778073e-29,3.645265284051487e-21,6.016220035944491e-20
0.39411258133958865,0.08999947260237735,0.36472214628220634,0.14470739972091767,0.33182116152051455,0.010807867594232573,0.6314080157275365,0.6939917120307336,0.028569183859953846,0.16622719905712646,0.03218257826141299,0.0,0.07476482232926461,0.049846109257085845,0.0020533179331505363,0.0006999222182920935,0.008455625504508334,0.34566662679501087,0.008751592817231712,0.06904285227424287,0.1287798196778698,0.09547880482081701,0.3328076966366781,0.22104491793349534,0.826202952232841,0.10271333917581163,0.41909756597223047,0.25057965954214445,0.2782310691548745,0.48600542058856516,0.21170420277861576,0.08847277883900338,0.010422356390403524,0.001991945776370107,0.1667118866946253,0.27085172443610417,0.0626896563511483,0.43708757936645476,0.05370328145506701,0.4659801782339354,0.41097272440755866,0.002797695177304545,0.23646072658081638,0.16760137260041025,0.07777471451484119,0.07466463314875835,0.0839333872777273,0.36925995469932504,0.06753577601107776,0.5638180708787216,1.0536897392629885e-17,1.2423297943203732e-19,1.732660353994774e-21,1.6132906820776831e-13,1.1434313374590688e-24,2.1010527846459916e-19,6.522032903165436e-19,2.591700141373737e-06,1.1259638521383686e-21,6.773701096987544e-12,1.046764130456318e-07,6.8878892235799505e-19,3.2681339050050166e-12,7.3353647459492555e-22,1.2957555219131014e-11,7.026027790971973e-20,7.390668100092965e-17,8.159324281095753e-13,9.133947827647093e-16,1.1495231759324777e-13,8.124698317595472e-19,7.343177897679352e-18,1.1896552538257727e-21,6.872271202925609e-18,6.855397177709872e-19,4.729827059739905e-22,1.00426430312779e-20,4.973044583656156e-27,1.9225933929514793e-21,1.1910368595900995e-09,9.764934283891312e-13,1.412370726693799e-11,6.513518090908356e-17,1.7746770836530385e-24,5.926158547531662e-14,2.035638737919168e-13,2.3027326748488763e-23,7.620085599151423e-15,6.573590744874208e-13,4.375148429785802e-15,3.848419026543068e-16,3.280057082735462e-20,9.207187959395113e-18,6.951470385533722e-07,6.184795122692773e-18,2.687517447062797e-13,2.2098082529730292e-17,4.642187247411915e-19,2.109075841831282e-06,4.256427268730513e-17,6.780629051354444e-28,8.392334547824818e-26,7.054147808151977e-38,1.0079178596246058e-29,2.1561786573540566e-42,8.265465484016709e-30,1.2931231424300158e-11,3.2762522022705103e-26,1.816740590231959e-24,6.916875762608162e-28,2.23648943172269e-29,8.661844970670395e-30,1.8069670612063203e-42,1.120651430574762e-19,2.075792659188053e-21,4.2265555540634705e-38,1.6754770256038875e-28,1.4478854912686952e-21,2.250035081241174e-25,3.080664371212173e-16,6.813776823800083e-44,7.853683368204637e-20,5.355978267039584e-25,8.883135037351765e-29,1.4889906639471636e-35,2.771760837117341e-26,3.539580780190334e-28,3.3996333783358125e-25,1.9987619846364975e-31,1.0288031438895562e-23,3.697878708989591e-29,2.066350173431473e-20,3.9260925216676926e-31,7.190649429291039e-25,6.668043889580268e-18,9.608086478655771e-31,2.0403074600642667e-29,9.092608793950437e-27,4.055003185024156e-23,1.1769977325878575e-41,2.168036788940239e-42,2.2357119705284322e-36,8.392334547824818e-26,1.6987337083913563e-45,1.5812536116936842e-38,2.2578264855342772e-38,9.872471972300512e-25,2.179896503057278e-36,3.6348268385859687e-26,2.0840749093124254e-23
