0,1,2,3,4,5,6,7,8,9,10,11,12,13,14,15,16,17,18,19,20,21,22,23,24,25,26,27,28,29,30,31,32,33,34,35,36,37,38,39,40,41,42,43,44,45,46,47,48,49,50,51,52,53,54,55,56,57,58,59,60,61,62,63,64,65,66,67,68,69,70,71,72,73,74,75,76,77,78,79,80,81,82,83,84,85,86,87,88,89,90,91,92,93,94,95,96,97,98,99,100,101,102,103,104,105,106,107,108,109,110,111,112,113,114,115,116,117,118,119,120,121,122,123,124,125,126,127,128,129,130,131,132,133,134,135,136,137,138,139,140,141,142,143,144,145,146,147,148,149
0.0,0.0,0.03859455364552904,0.0,0.037447980210134846,0.0,0.03771670314604638,0.03687282223242028,0.0,0.0,0.04011636791227252,0.03746970177820856,0.0,0.0,0.0,0.0,0.0,0.0370843989769821,0.0,0.03978003471948076,0.037494183781329064,0.038597417628241204,0.0376525356619707,0.03715573805986637,0.03727555693926523,0.0,0.036826294993405694,0.03693875976358542,0.03680309732496618,0.03835623165289808,0.0,0.03816394854944249,0.0,0.0,0.03837780038259594,0.03742088129913232,0.0386384616109325,0.0369846883910151,0.0,0.03673376646780887,0.037131912640257204,0.0,0.0,0.038188679483164054,0.03995733481680972,0.0,0.04030054914967834,0.0,0.03995432767966027,0.03727555693926523,0.0,0.0,0.0,0.0,0.0,0.0,0.0,0.0,0.0,0.0,0.0,0.0,0.0,0.0,0.0,0.0,0.0,0.0,0.0,0.0,0.0,0.0,0.0,0.0,0.0,0.0,0.0,0.0,0.0,0.0,0.0,0.0,0.0,0.0,0.0,0.0,0.0,0.0,0.0,0.0,0.0,0.0,0.0,0.0,0.0,0.0,0.0,0.0,0.0,0.0,0.0,0.0,0.0,0.0,0.0,0.0,0.0,0.0,0.0,0.0,0.0,0.0,0.0,0.0,0.0,0.0,0.0,0.0,0.0,0.0,0.0,0.0,0.0,0.0,0.0,0.0,0.0,0.0,0.0,0.0,0.0,0.0,0.0,0.0,0.0,0.0,0.0,0.0,0.0,0.0,0.0,0.0,0.0,0.0,0.0,0.0,0.0,0.0,0.0,0.0
0.0,0.0,0.04082459442295462,0.04158013143999285,0.0,0.0,0.039896020641935676,0.0,0.044451030270137325,0.040771416886546986,0.0,0.03963474723127499,0.04209925430746543,0.044451030270137325,0.0,0.0,0.0,0.0,0.0,0.0,0.0,0.0,0.0,0.039302642303140206,0.039429384464757036,0.0411719274946999,0.0,0.0,0.0,0.0405725018924751,0.040838171695462236,0.0,0.0,0.0,0.04059531688990247,0.03958310584487298,0.0,0.0,0.04266031473428796,0.0,0.0,0.0,0.04213827898381166,0.0,0.0,0.04167161698830272,0.0,0.04112139254930621,0.0,0.039429384464757036,0.0,0.0,0.0,0.0,0.0,0.0,0.0,0.0,0.0,0.0,0.0,0.0,0.0,0.0,0.0,0.0,0.0,0.0,0.0,0.0,0.0,0.0,0.0,0.0,0.0,0.0,0.0,0.0,0.0,0.0,0.0,0.0,0.0,0.0,0.0,0.0,0.0,0.0,0.0,0.0,0.0,0.0,0.0,0.0,0.0,0.0,0.0,0.0,0.0,0.0,0.0,0.0,0.0,0.0,0.0,0.0,0.0,0.0,0.0,0.0,0.0,0.0,0.0,0.0,0.0,0.0,0.0,0.0,0.0,0.0,0.0,0.0,0.0,0.0,0.0,0.0,0.0,0.0,0.0,0.0,0.0,0.0,0.0,0.0,0.0,0.0,0.0,0.0,0.0,0.0,0.0,0.0,0.0,0.0,0.0,0.0,0.0,0.0,0.0,0.0
0.03859455364552904,0.04082459442295462,0.0,0.04090955725038954,0.0,0.0,0.03925260656930408,0.03837436105124684,0.043734156307306135,0.04011388505846386,0.0,0.038995546786632314,0.041420308080927545,0.043734156307306135,0.0,0.0,0.0,0.03859455364552904,0.0,0.0,0.0,0.0,0.03918582605041271,0.038668797805805406,0.03879349596180294,0.040507936522136266,0.03832593912527088,0.0,0.03830179679901676,0.039918178021085,0.040179563294257765,0.0,0.0,0.0,0.03994062507478827,0.03894473823503956,0.0,0.03849078263493456,0.041972320132287924,0.03822964264363975,0.038644002165034635,0.0,0.041458703395609704,0.0,0.0,0.040999567386157565,0.0,0.04045821656767407,0.0,0.03879349596180294,0.0,0.0,0.0,0.0,0.0,0.0,0.0,0.0,0.0,0.0,0.0,0.0,0.0,0.0,0.0,0.0,0.0,0.0,0.0,0.0,0.0,0.0,0.0,0.0,0.0,0.0,0.0,0.0,0.0,0.0,0.0,0.0,0.0,0.0,0.0,0.0,0.0,0.0,0.0,0.0,0.0,0.0,0.0,0.0,0.0,0.0,0.0,0.0,0.0,0.0,0.0,0.0,0.0,0.0,0.0,0.0,0.0,0.0,0.0,0.0,0.0,0.0,0.0,0.0,0.0,0.0,0.0,0.0,0.0,0.0,0.0,0.0,0.0,0.0,0.0,0.0,0.0,0.0,0.0,0.0,0.0,0.0,0.0,0.0,0.0,0.0,0.0,0.0,0.0,0.0,0.0,0.0,0.0,0.0,0.0,0.0,0.0,0.0,0.0,0.0
0.0,0.04158013143999285,0.04090955725038954,0.0,0.0,0.0,0.03997905095160691,0.03908455182446136,0.044543540318737404,0.04085626904261056,0.0,0.0397172337871621,0.04218686991588536,0.044543540318737404,0.0,0.0,0.0,0.0,0.0,0.0,0.0,0.0,0.03991103453178983,0.039384437692976594,0.039511443626286905,0.04125761318050621,0.0,0.0,0.0,0.04065694007307721,0.0409231627794782,0.0,0.0,0.0,0.04067980255234039,0.03966548492637453,0.0,0.0,0.04274909800354809,0.0,0.0,0.0,0.04222597580912765,0.0,0.0,0.041758342611745054,0.0,0.04120697306341625,0.0,0.039511443626286905,0.0,0.0,0.0,0.0,0.0,0.0,0.0,0.0,0.0,0.0,0.0,0.0,0.0,0.0,0.0,0.0,0.0,0.0,0.0,0.0,0.0,0.0,0.0,0.0,0.0,0.0,0.0,0.0,0.0,0.0,0.0,0.0,0.0,0.0,0.0,0.0,0.0,0.0,0.0,0.0,0.0,0.0,0.0,0.0,0.0,0.0,0.0,0.0,0.0,0.0,0.0,0.0,0.0,0.0,0.0,0.0,0.0,0.0,0.0,0.0,0.0,0.0,0.0,0.0,0.0,0.0,0.0,0.0,0.0,0.0,0.0,0.0,0.0,0.0,0.0,0.0,0.0,0.0,0.0,0.0,0.0,0.0,0.0,0.0,0.0,0.0,0.0,0.0,0.0,0.0,0.0,0.0,0.0,0.0,0.0,0.0,0.0,0.0,0.0,0.0
0.037447980210134846,0.0,0.0,0.0,0.0,0.0,0.03808648358791918,0.037234329134161,0.0,0.0,0.04050967504188804,0.0378370605801361,0.0,0.0,0.0,0.0,0.04389630284936382,0.037447980210134846,0.0,0.04017004438600239,0.03786178260863466,0.038975832732298786,0.03802168699581878,0.037520018712517415,0.03764101231490299,0.0,0.03718734573483634,0.037300913127168676,0.03716392063283635,0.0,0.0,0.03853811385502549,0.0,0.0,0.0,0.03778776145746644,0.03901727911659971,0.03734729204602706,0.0,0.037093910045139074,0.03749595970477737,0.0,0.0,0.03856308725467956,0.04034908276114637,0.0,0.04069566202087972,0.0,0.04034604614155516,0.03764101231490299,0.0,0.0,0.0,0.0,0.0,0.0,0.0,0.0,0.0,0.0,0.0,0.0,0.0,0.0,0.0,0.0,0.0,0.0,0.0,0.0,0.0,0.0,0.0,0.0,0.0,0.0,0.0,0.0,0.0,0.0,0.0,0.0,0.0,0.0,0.0,0.0,0.0,0.0,0.0,0.0,0.0,0.0,0.0,0.0,0.0,0.0,0.0,0.0,0.0,0.0,0.0,0.0,0.0,0.0,0.0,0.0,0.0,0.0,0.0,0.0,0.0,0.0,0.0,0.0,0.0,0.0,0.0,0.0,0.0,0.0,0.0,0.0,0.0,0.0,0.0,0.0,0.0,0.0,0.0,0.0,0.0,0.0,0.0,0.0,0.0,0.0,0.0,0.0,0.0,0.0,0.0,0.0,0.0,0.0,0.0,0.0,0.0,0.0,0.0,0.0
0.0,0.0,0.0,0.0,0.0,0.0,0.0,0.0,0.0,0.0,0.047541772430002696,0.0,0.0,0.0,0.05486891016326839,0.06289432567832845,0.05151628687282773,0.0,0.05137468353292416,0.04714318509658983,0.0,0.04574166956690644,0.0,0.0,0.0,0.0,0.0,0.0,0.0,0.0,0.0,0.045227966822312074,0.053421730396336034,0.0546254608421954,0.0,0.0,0.045790310652485205,0.0,0.0,0.0,0.0,0.0,0.0,0.045257275368528006,0.04735330284447428,0.0,0.04776004499380439,0.0,0.04734973909637182,0.0,0.0,0.0,0.0,0.0,0.0,0.0,0.0,0.0,0.0,0.0,0.0,0.0,0.0,0.0,0.0,0.0,0.0,0.0,0.0,0.0,0.0,0.0,0.0,0.0,0.0,0.0,0.0,0.0,0.0,0.0,0.0,0.0,0.0,0.0,0.0,0.0,0.0,0.0,0.0,0.0,0.0,0.0,0.0,0.0,0.0,0.0,0.0,0.0,0.0,0.0,0.0,0.0,0.0,0.0,0.0,0.0,0.0,0.0,0.0,0.0,0.0,0.0,0.0,0.0,0.0,0.0,0.0,0.0,0.0,0.0,0.0,0.0,0.0,0.0,0.0,0.0,0.0,0.0,0.0,0.0,0.0,0.0,0.0,0.0,0.0,0.0,0.0,0.0,0.0,0.0,0.0,0.0,0.0,0.0,0.0,0.0,0.0,0.0,0.0,0.0
0.03771670314604638,0.039896020641935676,0.03925260656930408,0.03997905095160691,0.03808648358791918,0.0,0.0,0.03750151893146067,0.0,0.0392014766819301,0.0,0.038108575517612084,0.0,0.0,0.0,0.0,0.0,0.03771670314604638,0.0,0.0,0.0,0.03925551938409278,0.03829452679386644,0.03778925858946957,0.03791112042976483,0.0,0.03745419838399252,0.03756858072449883,0.037430605185818894,0.03901022108923158,0.0392656610366799,0.0,0.0,0.0,0.0390321575745918,0.038058922629401346,0.0,0.03761529245380974,0.041017640813258066,0.037360092209192626,0.037765026936712125,0.0,0.04051570652050644,0.03883981208647932,0.0,0.04006701376631072,0.0,0.03953797621593148,0.0,0.03791112042976483,0.0,0.0,0.0,0.0,0.0,0.0,0.0,0.0,0.0,0.0,0.0,0.0,0.0,0.0,0.0,0.0,0.0,0.0,0.0,0.0,0.0,0.0,0.0,0.0,0.0,0.0,0.0,0.0,0.0,0.0,0.0,0.0,0.0,0.0,0.0,0.0,0.0,0.0,0.0,0.0,0.0,0.0,0.0,0.0,0.0,0.0,0.0,0.0,0.0,0.0,0.0,0.0,0.0,0.0,0.0,0.0,0.0,0.0,0.0,0.0,0.0,0.0,0.0,0.0,0.0,0.0,0.0,0.0,0.0,0.0,0.0,0.0,0.0,0.0,0.0,0.0,0.0,0.0,0.0,0.0,0.0,0.0,0.0,0.0,0.0,0.0,0.0,0.0,0.0,0.0,0.0,0.0,0.0,0.0,0.0,0.0,0.0,0.0,0.0,0.0
0.03687282223242028,0.0,0.03837436105124684,0.03908455182446136,0.037234329134161,0.0,0.03750151893146067,0.0,0.0,0.03832437515400117,0.0,0.037255926774686025,0.0,0.0,0.0,0.0,0.0,0.03687282223242028,0.0,0.0,0.03728026910121304,0.038377208694146174,0.03743771754061455,0.03694375430612191,0.03706288958570144,0.03870084769216979,0.036616190803398084,0.03672801393098392,0.03659312548406777,0.03813739875144494,0.03838712343540921,0.03794621267623263,0.0,0.0,0.03815884442557928,0.03720738482993462,0.03841801850957357,0.03677368052290158,0.0,0.036524190178610354,0.03692006481711584,0.0,0.0,0.0,0.0,0.0,0.0,0.038653345781430606,0.039726377198735244,0.03706288958570144,0.0,0.0,0.0,0.0,0.0,0.0,0.0,0.0,0.0,0.0,0.0,0.0,0.0,0.0,0.0,0.0,0.0,0.0,0.0,0.0,0.0,0.0,0.0,0.0,0.0,0.0,0.0,0.0,0.0,0.0,0.0,0.0,0.0,0.0,0.0,0.0,0.0,0.0,0.0,0.0,0.0,0.0,0.0,0.0,0.0,0.0,0.0,0.0,0.0,0.0,0.0,0.0,0.0,0.0,0.0,0.0,0.0,0.0,0.0,0.0,0.0,0.0,0.0,0.0,0.0,0.0,0.0,0.0,0.0,0.0,0.0,0.0,0.0,0.0,0.0,0.0,0.0,0.0,0.0,0.0,0.0,0.0,0.0,0.0,0.0,0.0,0.0,0.0,0.0,0.0,0.0,0.0,0.0,0.0,0.0,0.0,0.0,0.0,0.0,0.0
0.0,0.044451030270137325,0.043734156307306135,0.044543540318737404,0.0,0.0,0.0,0.0,0.0,0.04367718881694495,0.0,0.0,0.04509966098446966,0.04761904761904762,0.0,0.0,0.0,0.0,0.0,0.0,0.0,0.0,0.0,0.0,0.0,0.044106243747857994,0.0,0.0,0.0,0.043464097185158514,0.04374870122971058,0.0,0.0,0.0,0.04348853820356281,0.0,0.0,0.0,0.04570070809225681,0.0,0.0,0.0563436169819011,0.04514146694284578,0.0,0.0,0.04464154602647798,0.0,0.04405210718552178,0.0,0.0,0.0,0.0,0.0,0.0,0.0,0.0,0.0,0.0,0.0,0.0,0.0,0.0,0.0,0.0,0.0,0.0,0.0,0.0,0.0,0.0,0.0,0.0,0.0,0.0,0.0,0.0,0.0,0.0,0.0,0.0,0.0,0.0,0.0,0.0,0.0,0.0,0.0,0.0,0.0,0.0,0.0,0.0,0.0,0.0,0.0,0.0,0.0,0.0,0.0,0.0,0.0,0.0,0.0,0.0,0.0,0.0,0.0,0.0,0.0,0.0,0.0,0.0,0.0,0.0,0.0,0.0,0.0,0.0,0.0,0.0,0.0,0.0,0.0,0.0,0.0,0.0,0.0,0.0,0.0,0.0,0.0,0.0,0.0,0.0,0.0,0.0,0.0,0.0,0.0,0.0,0.0,0.0,0.0,0.0,0.0,0.0,0.0,0.0,0.0,0.0
0.0,0.040771416886546986,0.04011388505846386,0.04085626904261056,0.0,0.0,0.0392014766819301,0.03832437515400117,0.04367718881694495,0.0,0.0,0.038944751741677365,0.041366354576376614,0.04367718881694495,0.0,0.0,0.0,0.0,0.0,0.0,0.038970197514886624,0.0,0.0,0.038618428379428416,0.038742964105380424,0.04045517145980921,0.03827601630173769,0.03839290841313639,0.03825190542293459,0.03986618116979848,0.040127225966229786,0.0,0.0,0.0,0.03988859898428867,0.0388940093725817,0.0,0.0,0.041917647584685275,0.038179845254534765,0.0,0.0,0.04140469987786762,0.0,0.0,0.040946161932455157,0.0,0.04040551626985297,0.0,0.038742964105380424,0.0,0.0,0.0,0.0,0.0,0.0,0.0,0.0,0.0,0.0,0.0,0.0,0.0,0.0,0.0,0.0,0.0,0.0,0.0,0.0,0.0,0.0,0.0,0.0,0.0,0.0,0.0,0.0,0.0,0.0,0.0,0.0,0.0,0.0,0.0,0.0,0.0,0.0,0.0,0.0,0.0,0.0,0.0,0.0,0.0,0.0,0.0,0.0,0.0,0.0,0.0,0.0,0.0,0.0,0.0,0.0,0.0,0.0,0.0,0.0,0.0,0.0,0.0,0.0,0.0,0.0,0.0,0.0,0.0,0.0,0.0,0.0,0.0,0.0,0.0,0.0,0.0,0.0,0.0,0.0,0.0,0.0,0.0,0.0,0.0,0.0,0.0,0.0,0.0,0.0,0.0,0.0,0.0,0.0,0.0,0.0,0.0,0.0,0.0,0.0
0.04011636791227252,0.0,0.0,0.0,0.04050967504188804,0.047541772430002696,0.0,0.0,0.0,0.0,0.0,0.0,0.0,0.0,0.05008445261691586,0.0,0.047024171269376844,0.04011636791227252,0.04689491545316519,0.043032395087761306,0.04055965615286785,0.04175308886627031,0.0,0.0,0.0,0.0,0.0,0.03995882143913967,0.03981206742802833,0.0,0.0,0.04128417995785099,0.04876346398693565,0.049862231582278586,0.0,0.0,0.04179748854795993,0.04000850512733476,0.0,0.039737068176318134,0.04016776622664151,0.0,0.0,0.04131093285835247,0.04322419099470711,0.0,0.043595466054569036,0.0,0.04322093799820244,0.0,0.0,0.0,0.0,0.0,0.0,0.0,0.0,0.0,0.0,0.0,0.0,0.0,0.0,0.0,0.0,0.0,0.0,0.0,0.0,0.0,0.0,0.0,0.0,0.0,0.0,0.0,0.0,0.0,0.0,0.0,0.0,0.0,0.0,0.0,0.0,0.0,0.0,0.0,0.0,0.0,0.0,0.0,0.0,0.0,0.0,0.0,0.0,0.0,0.0,0.0,0.0,0.0,0.0,0.0,0.0,0.0,0.0,0.0,0.0,0.0,0.0,0.0,0.0,0.0,0.0,0.0,0.0,0.0,0.0,0.0,0.0,0.0,0.0,0.0,0.0,0.0,0.0,0.0,0.0,0.0,0.0,0.0,0.0,0.0,0.0,0.0,0.0,0.0,0.0,0.0,0.0,0.0,0.0,0.0,0.0,0.0,0.0,0.0,0.0,0.0
0.03746970177820856,0.03963474723127499,0.038995546786632314,0.0397172337871621,0.0378370605801361,0.0,0.038108575517612084,0.037255926774686025,0.0,0.038944751741677365,0.0,0.0,0.04021309860474753,0.0,0.0,0.0,0.0,0.03746970177820856,0.0,0.0,0.03788374420132166,0.03899844052580791,0.0380437413404783,0.03754178206626888,0.03766284585056429,0.0,0.037208916122807266,0.03732254938950264,0.03718547743315996,0.03875474865487311,0.039008515762143016,0.0,0.0,0.0,0.03877654148128551,0.0378096801144473,0.0,0.03736895521028838,0.0,0.03711542623606966,0.03751770910318675,0.0,0.04025037487445217,0.0,0.0,0.03980462054580219,0.0,0.039279047587703855,0.0,0.03766284585056429,0.0,0.0,0.0,0.0,0.0,0.0,0.0,0.0,0.0,0.0,0.0,0.0,0.0,0.0,0.0,0.0,0.0,0.0,0.0,0.0,0.0,0.0,0.0,0.0,0.0,0.0,0.0,0.0,0.0,0.0,0.0,0.0,0.0,0.0,0.0,0.0,0.0,0.0,0.0,0.0,0.0,0.0,0.0,0.0,0.0,0.0,0.0,0.0,0.0,0.0,0.0,0.0,0.0,0.0,0.0,0.0,0.0,0.0,0.0,0.0,0.0,0.0,0.0,0.0,0.0,0.0,0.0,0.0,0.0,0.0,0.0,0.0,0.0,0.0,0.0,0.0,0.0,0.0,0.0,0.0,0.0,0.0,0.0,0.0,0.0,0.0,0.0,0.0,0.0,0.0,0.0,0.0,0.0,0.0,0.0,0.0,0.0,0.0,0.0,0.0
0.0,0.04209925430746543,0.041420308080927545,0.04218686991588536,0.0,0.0,0.0,0.0,0.04509966098446966,0.041366354576376614,0.0,0.04021309860474753,0.0,0.04509966098446966,0.0,0.0,0.0,0.0,0.0,0.0,0.0,0.0,0.0,0.0,0.0,0.04177270944686238,0.0,0.0,0.0,0.041164537008980505,0.04143408347338676,0.0,0.0,0.0,0.04118768492350764,0.04016070366574736,0.0,0.0,0.043282815275930815,0.0,0.0,0.0,0.042753161964743755,0.0,0.0,0.04227969042395186,0.0,0.04172143709408959,0.0,0.040004739178824064,0.0,0.0,0.0,0.0,0.0,0.0,0.0,0.0,0.0,0.0,0.0,0.0,0.0,0.0,0.0,0.0,0.0,0.0,0.0,0.0,0.0,0.0,0.0,0.0,0.0,0.0,0.0,0.0,0.0,0.0,0.0,0.0,0.0,0.0,0.0,0.0,0.0,0.0,0.0,0.0,0.0,0.0,0.0,0.0,0.0,0.0,0.0,0.0,0.0,0.0,0.0,0.0,0.0,0.0,0.0,0.0,0.0,0.0,0.0,0.0,0.0,0.0,0.0,0.0,0.0,0.0,0.0,0.0,0.0,0.0,0.0,0.0,0.0,0.0,0.0,0.0,0.0,0.0,0.0,0.0,0.0,0.0,0.0,0.0,0.0,0.0,0.0,0.0,0.0,0.0,0.0,0.0,0.0,0.0,0.0,0.0,0.0,0.0,0.0,0.0
0.0,0.044451030270137325,0.043734156307306135,0.044543540318737404,0.0,0.0,0.0,0.0,0.04761904761904762,0.04367718881694495,0.0,0.0,0.04509966098446966,0.0,0.0,0.0,0.0,0.0,0.0,0.0,0.0,0.0,0.0,0.0,0.0,0.044106243747857994,0.0,0.0,0.0,0.043464097185158514,0.04374870122971058,0.0,0.0,0.0,0.04348853820356281,0.0,0.0,0.0,0.04570070809225681,0.0,0.0,0.0563436169819011,0.04514146694284578,0.0,0.0,0.04464154602647798,0.0,0.04405210718552178,0.0,0.0,0.0,0.0,0.0,0.0,0.0,0.0,0.0,0.0,0.0,0.0,0.0,0.0,0.0,0.0,0.0,0.0,0.0,0.0,0.0,0.0,0.0,0.0,0.0,0.0,0.0,0.0,0.0,0.0,0.0,0.0,0.0,0.0,0.0,0.0,0.0,0.0,0.0,0.0,0.0,0.0,0.0,0.0,0.0,0.0,0.0,0.0,0.0,0.0,0.0,0.0,0.0,0.0,0.0,0.0,0.0,0.0,0.0,0.0,0.0,0.0,0.0,0.0,0.0,0.0,0.0,0.0,0.0,0.0,0.0,0.0,0.0,0.0,0.0,0.0,0.0,0.0,0.0,0.0,0.0,0.0,0.0,0.0,0.0,0.0,0.0,0.0,0.0,0.0,0.0,0.0,0.0,0.0,0.0,0.0,0.0,0.0,0.0,0.0,0.0,0.0
0.0,0.0,0.0,0.0,0.0,0.05486891016326839,0.0,0.0,0.0,0.0,0.05008445261691586,0.0,0.0,0.0,0.0,0.06625810762413212,0.05427153631431066,0.0,0.05412235959233971,0.0,0.0,0.0,0.0,0.0,0.0,0.0,0.0,0.0,0.0,0.0,0.0,0.0,0.0562788888169518,0.05754699846868904,0.0,0.0,0.04823931727755576,0.0,0.0,0.0,0.0,0.0,0.0,0.0,0.0,0.0,0.050314399068647216,0.0,0.04988214875007403,0.0,0.0,0.0,0.0,0.0,0.0,0.0,0.0,0.0,0.0,0.0,0.0,0.0,0.0,0.0,0.0,0.0,0.0,0.0,0.0,0.0,0.0,0.0,0.0,0.0,0.0,0.0,0.0,0.0,0.0,0.0,0.0,0.0,0.0,0.0,0.0,0.0,0.0,0.0,0.0,0.0,0.0,0.0,0.0,0.0,0.0,0.0,0.0,0.0,0.0,0.0,0.0,0.0,0.0,0.0,0.0,0.0,0.0,0.0,0.0,0.0,0.0,0.0,0.0,0.0,0.0,0.0,0.0,0.0,0.0,0.0,0.0,0.0,0.0,0.0,0.0,0.0,0.0,0.0,0.0,0.0,0.0,0.0,0.0,0.0,0.0,0.0,0.0,0.0,0.0,0.0,0.0,0.0,0.0,0.0,0.0,0.0,0.0,0.0,0.0,0.0
0.0,0.0,0.0,0.0,0.0,0.06289432567832845,0.0,0.0,0.0,0.0,0.0,0.0,0.0,0.0,0.06625810762413212,0.0,0.06220957678690221,0.0,0.06203858069262316,0.0,0.0,0.0,0.0,0.0,0.0,0.0,0.0,0.0,0.0,0.0,0.0,0.0,0.06451053522906272,0.06596412527112605,0.0,0.0,0.0,0.0,0.0,0.0,0.0,0.0,0.0,0.0,0.0,0.0,0.0,0.0,0.0,0.0,0.0,0.0,0.0,0.0,0.0,0.0,0.0,0.0,0.0,0.0,0.0,0.0,0.0,0.0,0.0,0.0,0.0,0.0,0.0,0.0,0.0,0.0,0.0,0.0,0.0,0.0,0.0,0.0,0.0,0.0,0.0,0.0,0.0,0.0,0.0,0.0,0.0,0.0,0.0,0.0,0.0,0.0,0.0,0.0,0.0,0.0,0.0,0.0,0.0,0.0,0.0,0.0,0.0,0.0,0.0,0.0,0.0,0.0,0.0,0.0,0.0,0.0,0.0,0.0,0.0,0.0,0.0,0.0,0.0,0.0,0.0,0.0,0.0,0.0,0.0,0.0,0.0,0.0,0.0,0.0,0.0,0.0,0.0,0.0,0.0,0.0,0.0,0.0,0.0,0.0,0.0,0.0,0.0,0.0,0.0,0.0,0.0,0.0,0.0,0.0
0.0,0.0,0.0,0.0,0.04389630284936382,0.05151628687282773,0.0,0.0,0.0,0.0,0.047024171269376844,0.0,0.0,0.0,0.05427153631431066,0.06220957678690221,0.0,0.0,0.0508153523497509,0.04662992347266697,0.0,0.04524366665185623,0.0,0.0,0.0,0.0,0.0,0.0,0.0,0.0,0.0,0.04473555673906489,0.052840112416137744,0.05403073749709354,0.0,0.0,0.04529177816773108,0.0,0.0,0.0,0.0,0.0,0.0,0.04476454619457885,0.04683775360726706,0.0,0.047240067436031735,0.0,0.04683422865873095,0.0,0.0,0.0,0.0,0.0,0.0,0.0,0.0,0.0,0.0,0.0,0.0,0.0,0.0,0.0,0.0,0.0,0.0,0.0,0.0,0.0,0.0,0.0,0.0,0.0,0.0,0.0,0.0,0.0,0.0,0.0,0.0,0.0,0.0,0.0,0.0,0.0,0.0,0.0,0.0,0.0,0.0,0.0,0.0,0.0,0.0,0.0,0.0,0.0,0.0,0.0,0.0,0.0,0.0,0.0,0.0,0.0,0.0,0.0,0.0,0.0,0.0,0.0,0.0,0.0,0.0,0.0,0.0,0.0,0.0,0.0,0.0,0.0,0.0,0.0,0.0,0.0,0.0,0.0,0.0,0.0,0.0,0.0,0.0,0.0,0.0,0.0,0.0,0.0,0.0,0.0,0.0,0.0,0.0,0.0,0.0,0.0,0.0,0.0,0.0,0.0
0.0370843989769821,0.0,0.03859455364552904,0.0,0.037447980210134846,0.0,0.03771670314604638,0.03687282223242028,0.0,0.0,0.04011636791227252,0.03746970177820856,0.0,0.0,0.0,0.0,0.0,0.0,0.0,0.03978003471948076,0.037494183781329064,0.038597417628241204,0.0376525356619707,0.03715573805986637,0.03727555693926523,0.0,0.036826294993405694,0.03693875976358542,0.03680309732496618,0.03835623165289808,0.0,0.03816394854944249,0.0,0.0,0.03837780038259594,0.03742088129913232,0.0386384616109325,0.0369846883910151,0.0,0.03673376646780887,0.037131912640257204,0.0,0.0,0.038188679483164054,0.03995733481680972,0.0,0.04030054914967834,0.0,0.03995432767966027,0.03727555693926523,0.0,0.0,0.0,0.0,0.0,0.0,0.0,0.0,0.0,0.0,0.0,0.0,0.0,0.0,0.0,0.0,0.0,0.0,0.0,0.0,0.0,0.0,0.0,0.0,0.0,0.0,0.0,0.0,0.0,0.0,0.0,0.0,0.0,0.0,0.0,0.0,0.0,0.0,0.0,0.0,0.0,0.0,0.0,0.0,0.0,0.0,0.0,0.0,0.0,0.0,0.0,0.0,0.0,0.0,0.0,0.0,0.0,0.0,0.0,0.0,0.0,0.0,0.0,0.0,0.0,0.0,0.0,0.0,0.0,0.0,0.0,0.0,0.0,0.0,0.0,0.0,0.0,0.0,0.0,0.0,0.0,0.0,0.0,0.0,0.0,0.0,0.0,0.0,0.0,0.0,0.0,0.0,0.0,0.0,0.0,0.0,0.0,0.0,0.0,0.0
0.0,0.0,0.0,0.0,0.0,0.05137468353292416,0.0,0.0,0.0,0.0,0.04689491545316519,0.0,0.0,0.0,0.05412235959233971,0.06203858069262316,0.0508153523497509,0.0,0.0,0.04650175132937029,0.043829655323132176,0.045119304926734195,0.0,0.0,0.0,0.0,0.0,0.0,0.0,0.0,0.0,0.04461259166081042,0.05269487026354481,0.05388222266127224,0.0,0.0,0.0451672841979977,0.0,0.0,0.0,0.0,0.0,0.0,0.0,0.046709010199172805,0.0,0.04711021818383845,0.0,0.046705494939698465,0.0,0.0,0.0,0.0,0.0,0.0,0.0,0.0,0.0,0.0,0.0,0.0,0.0,0.0,0.0,0.0,0.0,0.0,0.0,0.0,0.0,0.0,0.0,0.0,0.0,0.0,0.0,0.0,0.0,0.0,0.0,0.0,0.0,0.0,0.0,0.0,0.0,0.0,0.0,0.0,0.0,0.0,0.0,0.0,0.0,0.0,0.0,0.0,0.0,0.0,0.0,0.0,0.0,0.0,0.0,0.0,0.0,0.0,0.0,0.0,0.0,0.0,0.0,0.0,0.0,0.0,0.0,0.0,0.0,0.0,0.0,0.0,0.0,0.0,0.0,0.0,0.0,0.0,0.0,0.0,0.0,0.0,0.0,0.0,0.0,0.0,0.0,0.0,0.0,0.0,0.0,0.0,0.0,0.0,0.0,0.0,0.0,0.0,0.0,0.0,0.0
0.03978003471948076,0.0,0.0,0.0,0.04017004438600239,0.04714318509658983,0.0,0.0,0.0,0.0,0.043032395087761306,0.0,0.0,0.0,0.0,0.0,0.04662992347266697,0.03978003471948076,0.04650175132937029,0.0,0.040219606458382504,0.04140303350437862,0.04038946881246108,0.0,0.0,0.0,0.03950316936070069,0.039623809106412756,0.03947828547201996,0.0,0.0,0.04093805589977628,0.0483546340656881,0.04944418966022663,0.0,0.0,0.041447060941832814,0.03967307624958271,0.0,0.0,0.039831002113502885,0.0,0.0,0.040964584505584344,0.04286180200189295,0.0,0.04322996431419607,0.0,0.04285857627831346,0.0,0.0,0.0,0.0,0.0,0.0,0.0,0.0,0.0,0.0,0.0,0.0,0.0,0.0,0.0,0.0,0.0,0.0,0.0,0.0,0.0,0.0,0.0,0.0,0.0,0.0,0.0,0.0,0.0,0.0,0.0,0.0,0.0,0.0,0.0,0.0,0.0,0.0,0.0,0.0,0.0,0.0,0.0,0.0,0.0,0.0,0.0,0.0,0.0,0.0,0.0,0.0,0.0,0.0,0.0,0.0,0.0,0.0,0.0,0.0,0.0,0.0,0.0,0.0,0.0,0.0,0.0,0.0,0.0,0.0,0.0,0.0,0.0,0.0,0.0,0.0,0.0,0.0,0.0,0.0,0.0,0.0,0.0,0.0,0.0,0.0,0.0,0.0,0.0,0.0,0.0,0.0,0.0,0.0,0.0,0.0,0.0,0.0,0.0,0.0,0.0
0.037494183781329064,0.0,0.0,0.0,0.03786178260863466,0.0,0.0,0.03728026910121304,0.0,0.038970197514886624,0.04055965615286785,0.03788374420132166,0.0,0.0,0.0,0.0,0.0,0.037494183781329064,0.043829655323132176,0.040219606458382504,0.0,0.03902392137826569,0.0,0.03756631116530298,0.037687454050413294,0.03935301417171163,0.03723322773345261,0.037346935246001516,0.03720977372940338,0.0,0.03903400319757199,0.038585662440481894,0.0,0.0,0.038801877349053195,0.03783438425306111,0.039065418899395805,0.03739337138748358,0.0,0.037139676762169616,0.0375422224733965,0.0,0.0,0.038610666652485325,0.040398865732284336,0.0,0.0407458726038518,0.0,0.040395825366091334,0.037687454050413294,0.0,0.0,0.0,0.0,0.0,0.0,0.0,0.0,0.0,0.0,0.0,0.0,0.0,0.0,0.0,0.0,0.0,0.0,0.0,0.0,0.0,0.0,0.0,0.0,0.0,0.0,0.0,0.0,0.0,0.0,0.0,0.0,0.0,0.0,0.0,0.0,0.0,0.0,0.0,0.0,0.0,0.0,0.0,0.0,0.0,0.0,0.0,0.0,0.0,0.0,0.0,0.0,0.0,0.0,0.0,0.0,0.0,0.0,0.0,0.0,0.0,0.0,0.0,0.0,0.0,0.0,0.0,0.0,0.0,0.0,0.0,0.0,0.0,0.0,0.0,0.0,0.0,0.0,0.0,0.0,0.0,0.0,0.0,0.0,0.0,0.0,0.0,0.0,0.0,0.0,0.0,0.0,0.0,0.0,0.0,0.0,0.0,0.0,0.0,0.0
0.038597417628241204,0.0,0.0,0.0,0.038975832732298786,0.04574166956690644,0.03925551938409278,0.038377208694146174,0.0,0.0,0.04175308886627031,0.03899844052580791,0.0,0.0,0.0,0.0,0.04524366665185623,0.038597417628241204,0.045119304926734195,0.04140303350437862,0.03902392137826569,0.0,0.03918873390962521,0.038671667297947576,0.03879637470741041,0.0,0.03832878317492852,0.038445836432439456,0.038304639057146886,0.0,0.0,0.03972101210052875,0.04691710347804603,0.0,0.0,0.0,0.040214884977253895,0.0384936389171203,0.0,0.03823247954743269,0.03864686981716883,0.0,0.0,0.03974675203978947,0.04158756732698098,0.0,0.04194478457485793,0.0,0.04158443750064903,0.0,0.0,0.0,0.0,0.0,0.0,0.0,0.0,0.0,0.0,0.0,0.0,0.0,0.0,0.0,0.0,0.0,0.0,0.0,0.0,0.0,0.0,0.0,0.0,0.0,0.0,0.0,0.0,0.0,0.0,0.0,0.0,0.0,0.0,0.0,0.0,0.0,0.0,0.0,0.0,0.0,0.0,0.0,0.0,0.0,0.0,0.0,0.0,0.0,0.0,0.0,0.0,0.0,0.0,0.0,0.0,0.0,0.0,0.0,0.0,0.0,0.0,0.0,0.0,0.0,0.0,0.0,0.0,0.0,0.0,0.0,0.0,0.0,0.0,0.0,0.0,0.0,0.0,0.0,0.0,0.0,0.0,0.0,0.0,0.0,0.0,0.0,0.0,0.0,0.0,0.0,0.0,0.0,0.0,0.0,0.0,0.0,0.0,0.0,0.0,0.0
0.0376525356619707,0.0,0.03918582605041271,0.03991103453178983,0.03802168699581878,0.0,0.03829452679386644,0.03743771754061455,0.0,0.0,0.0,0.0380437413404783,0.0,0.0,0.0,0.0,0.0,0.0376525356619707,0.0,0.04038946881246108,0.0,0.03918873390962521,0.0,0.0,0.03784662218327048,0.0,0.0,0.0,0.0,0.0,0.0,0.0,0.0,0.0,0.0,0.0,0.0,0.037551297499898065,0.0,0.0,0.03770077723929834,0.0,0.04044677708775877,0.03877373385546557,0.0405694851649357,0.0,0.040917957575559265,0.039470710197228934,0.04056643195814568,0.0,0.0,0.0,0.0,0.0,0.0,0.0,0.0,0.0,0.0,0.0,0.0,0.0,0.0,0.0,0.0,0.0,0.0,0.0,0.0,0.0,0.0,0.0,0.0,0.0,0.0,0.0,0.0,0.0,0.0,0.0,0.0,0.0,0.0,0.0,0.0,0.0,0.0,0.0,0.0,0.0,0.0,0.0,0.0,0.0,0.0,0.0,0.0,0.0,0.0,0.0,0.0,0.0,0.0,0.0,0.0,0.0,0.0,0.0,0.0,0.0,0.0,0.0,0.0,0.0,0.0,0.0,0.0,0.0,0.0,0.0,0.0,0.0,0.0,0.0,0.0,0.0,0.0,0.0,0.0,0.0,0.0,0.0,0.0,0.0,0.0,0.0,0.0,0.0,0.0,0.0,0.0,0.0,0.0,0.0,0.0,0.0,0.0,0.0,0.0,0.0
0.03715573805986637,0.039302642303140206,0.038668797805805406,0.039384437692976594,0.037520018712517415,0.0,0.03778925858946957,0.03694375430612191,0.0,0.038618428379428416,0.0,0.03754178206626888,0.0,0.0,0.0,0.0,0.0,0.03715573805986637,0.0,0.0,0.03756631116530298,0.038671667297947576,0.0,0.0,0.03734726375181728,0.038997789496045834,0.03689713756287773,0.03700981868100383,0.03687389526919317,0.03843001735428461,0.03868165811250955,0.038237364356732494,0.0,0.0,0.03845162757564576,0.037492867671467985,0.03871279023675421,0.0,0.0,0.036804431040593916,0.037203343124950765,0.0,0.0,0.03826214286523427,0.0,0.03947109222610182,0.0,0.03894992311517476,0.0,0.03734726375181728,0.0,0.0,0.0,0.0,0.0,0.0,0.0,0.0,0.0,0.0,0.0,0.0,0.0,0.0,0.0,0.0,0.0,0.0,0.0,0.0,0.0,0.0,0.0,0.0,0.0,0.0,0.0,0.0,0.0,0.0,0.0,0.0,0.0,0.0,0.0,0.0,0.0,0.0,0.0,0.0,0.0,0.0,0.0,0.0,0.0,0.0,0.0,0.0,0.0,0.0,0.0,0.0,0.0,0.0,0.0,0.0,0.0,0.0,0.0,0.0,0.0,0.0,0.0,0.0,0.0,0.0,0.0,0.0,0.0,0.0,0.0,0.0,0.0,0.0,0.0,0.0,0.0,0.0,0.0,0.0,0.0,0.0,0.0,0.0,0.0,0.0,0.0,0.0,0.0,0.0,0.0,0.0,0.0,0.0,0.0,0.0,0.0,0.0,0.0,0.0
0.03727555693926523,0.039429384464757036,0.03879349596180294,0.039511443626286905,0.03764101231490299,0.0,0.03791112042976483,0.03706288958570144,0.0,0.038742964105380424,0.0,0.03766284585056429,0.0,0.0,0.0,0.0,0.0,0.03727555693926523,0.0,0.0,0.037687454050413294,0.03879637470741041,0.03784662218327048,0.03734726375181728,0.0,0.03912354857608133,0.037016122513968894,0.03712916700329978,0.03699280526912661,0.03855394549715315,0.038806397740097164,0.0,0.0,0.0,0.038575625406606695,0.03761377371786671,0.0,0.037175332377800255,0.0,0.036923117034049116,0.03732331551995313,0.0,0.040041822305935226,0.038385529650718786,0.0,0.0,0.0,0.039075527836922246,0.0,0.037467700258397935,0.0,0.0,0.0,0.0,0.0,0.0,0.0,0.0,0.0,0.0,0.0,0.0,0.0,0.0,0.0,0.0,0.0,0.0,0.0,0.0,0.0,0.0,0.0,0.0,0.0,0.0,0.0,0.0,0.0,0.0,0.0,0.0,0.0,0.0,0.0,0.0,0.0,0.0,0.0,0.0,0.0,0.0,0.0,0.0,0.0,0.0,0.0,0.0,0.0,0.0,0.0,0.0,0.0,0.0,0.0,0.0,0.0,0.0,0.0,0.0,0.0,0.0,0.0,0.0,0.0,0.0,0.0,0.0,0.0,0.0,0.0,0.0,0.0,0.0,0.0,0.0,0.0,0.0,0.0,0.0,0.0,0.0,0.0,0.0,0.0,0.0,0.0,0.0,0.0,0.0,0.0,0.0,0.0,0.0,0.0,0.0,0.0,0.0,0.0,0.0
0.0,0.0411719274946999,0.040507936522136266,0.04125761318050621,0.0,0.0,0.0,0.03870084769216979,0.044106243747857994,0.04045517145980921,0.0,0.0,0.04177270944686238,0.044106243747857994,0.0,0.0,0.0,0.0,0.0,0.0,0.03935301417171163,0.0,0.0,0.038997789496045834,0.03912354857608133,0.0,0.0,0.0,0.03862766606786334,0.040257799359312986,0.04052140848188642,0.040055983532639707,0.0,0.0,0.04028043739113189,0.03927607760902943,0.0,0.0,0.04232941798190249,0.03855489802948808,0.0,0.0,0.04181143142645762,0.0,0.0,0.04134838911682624,0.0,0.04080243251975919,0.0,0.03912354857608133,0.0,0.0,0.0,0.0,0.0,0.0,0.0,0.0,0.0,0.0,0.0,0.0,0.0,0.0,0.0,0.0,0.0,0.0,0.0,0.0,0.0,0.0,0.0,0.0,0.0,0.0,0.0,0.0,0.0,0.0,0.0,0.0,0.0,0.0,0.0,0.0,0.0,0.0,0.0,0.0,0.0,0.0,0.0,0.0,0.0,0.0,0.0,0.0,0.0,0.0,0.0,0.0,0.0,0.0,0.0,0.0,0.0,0.0,0.0,0.0,0.0,0.0,0.0,0.0,0.0,0.0,0.0,0.0,0.0,0.0,0.0,0.0,0.0,0.0,0.0,0.0,0.0,0.0,0.0,0.0,0.0,0.0,0.0,0.0,0.0,0.0,0.0,0.0,0.0,0.0,0.0,0.0,0.0,0.0,0.0,0.0,0.0,0.0,0.0,0.0
0.036826294993405694,0.0,0.03832593912527088,0.0,0.03718734573483634,0.0,0.03745419838399252,0.036616190803398084,0.0,0.03827601630173769,0.0,0.037208916122807266,0.0,0.0,0.0,0.0,0.0,0.036826294993405694,0.0,0.03950316936070069,0.03723322773345261,0.03832878317492852,0.0,0.03689713756287773,0.037016122513968894,0.0,0.0,0.03668166941545087,0.036546951174844675,0.03808927583164459,0.03833868540547205,0.03789833100078733,0.0,0.0,0.03811069444498061,0.03716043542974556,0.03836954149530017,0.036727278383885745,0.0,0.03647810285403447,0.03687347796598327,0.0,0.0,0.0379228898094998,0.03967923546576682,0.0,0.0,0.038604571824109146,0.03967624925801353,0.037016122513968894,0.0,0.0,0.0,0.0,0.0,0.0,0.0,0.0,0.0,0.0,0.0,0.0,0.0,0.0,0.0,0.0,0.0,0.0,0.0,0.0,0.0,0.0,0.0,0.0,0.0,0.0,0.0,0.0,0.0,0.0,0.0,0.0,0.0,0.0,0.0,0.0,0.0,0.0,0.0,0.0,0.0,0.0,0.0,0.0,0.0,0.0,0.0,0.0,0.0,0.0,0.0,0.0,0.0,0.0,0.0,0.0,0.0,0.0,0.0,0.0,0.0,0.0,0.0,0.0,0.0,0.0,0.0,0.0,0.0,0.0,0.0,0.0,0.0,0.0,0.0,0.0,0.0,0.0,0.0,0.0,0.0,0.0,0.0,0.0,0.0,0.0,0.0,0.0,0.0,0.0,0.0,0.0,0.0,0.0,0.0,0.0,0.0,0.0,0.0,0.0
0.03693875976358542,0.0,0.0,0.0,0.037300913127168676,0.0,0.03756858072449883,0.03672801393098392,0.0,0.03839290841313639,0.03995882143913967,0.03732254938950264,0.0,0.0,0.0,0.0,0.0,0.03693875976358542,0.0,0.039623809106412756,0.037346935246001516,0.038445836432439456,0.0,0.03700981868100383,0.03712916700329978,0.0,0.03668166941545087,0.0,0.03665856284974666,0.038205597651515016,0.0,0.03801406968932393,0.0,0.0,0.038227081675705606,0.03727392064000451,0.0384867192256948,0.036839440764693,0.0,0.0365895042712774,0.03698608682945742,0.0,0.0,0.03803870349881446,0.03980041290428905,0.0,0.04014227935322684,0.0,0.03979741757687903,0.03712916700329978,0.0,0.0,0.0,0.0,0.0,0.0,0.0,0.0,0.0,0.0,0.0,0.0,0.0,0.0,0.0,0.0,0.0,0.0,0.0,0.0,0.0,0.0,0.0,0.0,0.0,0.0,0.0,0.0,0.0,0.0,0.0,0.0,0.0,0.0,0.0,0.0,0.0,0.0,0.0,0.0,0.0,0.0,0.0,0.0,0.0,0.0,0.0,0.0,0.0,0.0,0.0,0.0,0.0,0.0,0.0,0.0,0.0,0.0,0.0,0.0,0.0,0.0,0.0,0.0,0.0,0.0,0.0,0.0,0.0,0.0,0.0,0.0,0.0,0.0,0.0,0.0,0.0,0.0,0.0,0.0,0.0,0.0,0.0,0.0,0.0,0.0,0.0,0.0,0.0,0.0,0.0,0.0,0.0,0.0,0.0,0.0,0.0,0.0,0.0,0.0
0.03680309732496618,0.0,0.03830179679901676,0.0,0.03716392063283635,0.0,0.037430605185818894,0.03659312548406777,0.0,0.03825190542293459,0.03981206742802833,0.03718547743315996,0.0,0.0,0.0,0.0,0.0,0.03680309732496618,0.0,0.03947828547201996,0.03720977372940338,0.038304639057146886,0.0,0.03687389526919317,0.03699280526912661,0.03862766606786334,0.036546951174844675,0.03665856284974666,0.0,0.03806528258464535,0.038314535050064255,0.037874458034008435,0.0,0.0,0.03808668770594013,0.03713702727912053,0.038345371702983466,0.03670414308811983,0.0,0.036455124519247824,0.03685025057598327,0.0,0.0,0.0,0.0,0.0,0.03999485156887112,0.0,0.039651256342615016,0.03699280526912661,0.0,0.0,0.0,0.0,0.0,0.0,0.0,0.0,0.0,0.0,0.0,0.0,0.0,0.0,0.0,0.0,0.0,0.0,0.0,0.0,0.0,0.0,0.0,0.0,0.0,0.0,0.0,0.0,0.0,0.0,0.0,0.0,0.0,0.0,0.0,0.0,0.0,0.0,0.0,0.0,0.0,0.0,0.0,0.0,0.0,0.0,0.0,0.0,0.0,0.0,0.0,0.0,0.0,0.0,0.0,0.0,0.0,0.0,0.0,0.0,0.0,0.0,0.0,0.0,0.0,0.0,0.0,0.0,0.0,0.0,0.0,0.0,0.0,0.0,0.0,0.0,0.0,0.0,0.0,0.0,0.0,0.0,0.0,0.0,0.0,0.0,0.0,0.0,0.0,0.0,0.0,0.0,0.0,0.0,0.0,0.0,0.0,0.0,0.0,0.0
0.03835623165289808,0.0405725018924751,0.039918178021085,0.04065694007307721,0.0,0.0,0.03901022108923158,0.03813739875144494,0.043464097185158514,0.03986618116979848,0.0,0.03875474865487311,0.041164537008980505,0.043464097185158514,0.0,0.0,0.0,0.03835623165289808,0.0,0.0,0.0,0.0,0.0,0.03843001735428461,0.03855394549715315,0.040257799359312986,0.03808927583164459,0.038205597651515016,0.03806528258464535,0.0,0.03993145384142469,0.0,0.0,0.0,0.03969399106932279,0.038704253846907746,0.0,0.03825310142997145,0.041713140377000614,0.03799357398234414,0.038405374826996415,0.0,0.04120269523197385,0.0,0.0,0.04074639439480188,0.0,0.040208386426373297,0.0,0.03855394549715315,0.0,0.0,0.0,0.0,0.0,0.0,0.0,0.0,0.0,0.0,0.0,0.0,0.0,0.0,0.0,0.0,0.0,0.0,0.0,0.0,0.0,0.0,0.0,0.0,0.0,0.0,0.0,0.0,0.0,0.0,0.0,0.0,0.0,0.0,0.0,0.0,0.0,0.0,0.0,0.0,0.0,0.0,0.0,0.0,0.0,0.0,0.0,0.0,0.0,0.0,0.0,0.0,0.0,0.0,0.0,0.0,0.0,0.0,0.0,0.0,0.0,0.0,0.0,0.0,0.0,0.0,0.0,0.0,0.0,0.0,0.0,0.0,0.0,0.0,0.0,0.0,0.0,0.0,0.0,0.0,0.0,0.0,0.0,0.0,0.0,0.0,0.0,0.0,0.0,0.0,0.0,0.0,0.0,0.0,0.0,0.0,0.0,0.0,0.0,0.0
0.0,0.040838171695462236,0.040179563294257765,0.0409231627794782,0.0,0.0,0.0392656610366799,0.03838712343540921,0.04374870122971058,0.040127225966229786,0.0,0.039008515762143016,0.04143408347338676,0.04374870122971058,0.0,0.0,0.0,0.0,0.0,0.0,0.03903400319757199,0.0,0.0,0.03868165811250955,0.038806397740097164,0.04052140848188642,0.03833868540547205,0.0,0.038314535050064255,0.03993145384142469,0.0,0.0,0.0,0.0,0.039953908360475,0.03895769031285512,0.0,0.0,0.04198627911060156,0.03824235689796066,0.0,0.0,0.04147249155742175,0.0,0.0,0.041013202850439925,0.0,0.04047167199177015,0.0,0.038806397740097164,0.0,0.0,0.0,0.0,0.0,0.0,0.0,0.0,0.0,0.0,0.0,0.0,0.0,0.0,0.0,0.0,0.0,0.0,0.0,0.0,0.0,0.0,0.0,0.0,0.0,0.0,0.0,0.0,0.0,0.0,0.0,0.0,0.0,0.0,0.0,0.0,0.0,0.0,0.0,0.0,0.0,0.0,0.0,0.0,0.0,0.0,0.0,0.0,0.0,0.0,0.0,0.0,0.0,0.0,0.0,0.0,0.0,0.0,0.0,0.0,0.0,0.0,0.0,0.0,0.0,0.0,0.0,0.0,0.0,0.0,0.0,0.0,0.0,0.0,0.0,0.0,0.0,0.0,0.0,0.0,0.0,0.0,0.0,0.0,0.0,0.0,0.0,0.0,0.0,0.0,0.0,0.0,0.0,0.0,0.0,0.0,0.0,0.0,0.0,0.0
0.03816394854944249,0.0,0.0,0.0,0.03853811385502549,0.045227966822312074,0.0,0.03794621267623263,0.0,0.0,0.04128417995785099,0.0,0.0,0.0,0.0,0.0,0.04473555673906489,0.03816394854944249,0.04461259166081042,0.04093805589977628,0.038585662440481894,0.03972101210052875,0.0,0.038237364356732494,0.0,0.040055983532639707,0.03789833100078733,0.03801406968932393,0.037874458034008435,0.0,0.0,0.0,0.0,0.0,0.0,0.038510226078122635,0.0397632508987001,0.03806133532723438,0.0,0.03780310891312656,0.03821284536456284,0.0,0.0,0.03930037533765169,0.041120517311554146,0.0,0.04147372282390879,0.0,0.041117422634800074,0.038360671237112794,0.0,0.0,0.0,0.0,0.0,0.0,0.0,0.0,0.0,0.0,0.0,0.0,0.0,0.0,0.0,0.0,0.0,0.0,0.0,0.0,0.0,0.0,0.0,0.0,0.0,0.0,0.0,0.0,0.0,0.0,0.0,0.0,0.0,0.0,0.0,0.0,0.0,0.0,0.0,0.0,0.0,0.0,0.0,0.0,0.0,0.0,0.0,0.0,0.0,0.0,0.0,0.0,0.0,0.0,0.0,0.0,0.0,0.0,0.0,0.0,0.0,0.0,0.0,0.0,0.0,0.0,0.0,0.0,0.0,0.0,0.0,0.0,0.0,0.0,0.0,0.0,0.0,0.0,0.0,0.0,0.0,0.0,0.0,0.0,0.0,0.0,0.0,0.0,0.0,0.0,0.0,0.0,0.0,0.0,0.0,0.0,0.0,0.0,0.0,0.0
0.0,0.0,0.0,0.0,0.0,0.053421730396336034,0.0,0.0,0.0,0.0,0.04876346398693565,0.0,0.0,0.0,0.0562788888169518,0.06451053522906272,0.052840112416137744,0.0,0.05269487026354481,0.0483546340656881,0.0,0.04691710347804603,0.0,0.0,0.0,0.0,0.0,0.0,0.0,0.0,0.0,0.0,0.0,0.056029183524237566,0.0,0.0,0.0,0.0,0.0,0.0,0.0,0.0,0.0,0.0,0.048570151256324294,0.0,0.04898734554961721,0.0,0.048566495929789955,0.0,0.0,0.0,0.0,0.0,0.0,0.0,0.0,0.0,0.0,0.0,0.0,0.0,0.0,0.0,0.0,0.0,0.0,0.0,0.0,0.0,0.0,0.0,0.0,0.0,0.0,0.0,0.0,0.0,0.0,0.0,0.0,0.0,0.0,0.0,0.0,0.0,0.0,0.0,0.0,0.0,0.0,0.0,0.0,0.0,0.0,0.0,0.0,0.0,0.0,0.0,0.0,0.0,0.0,0.0,0.0,0.0,0.0,0.0,0.0,0.0,0.0,0.0,0.0,0.0,0.0,0.0,0.0,0.0,0.0,0.0,0.0,0.0,0.0,0.0,0.0,0.0,0.0,0.0,0.0,0.0,0.0,0.0,0.0,0.0,0.0,0.0,0.0,0.0,0.0,0.0,0.0,0.0,0.0,0.0,0.0,0.0,0.0,0.0,0.0,0.0
0.0,0.0,0.0,0.0,0.0,0.0546254608421954,0.0,0.0,0.0,0.0,0.049862231582278586,0.0,0.0,0.0,0.05754699846868904,0.06596412527112605,0.05403073749709354,0.0,0.05388222266127224,0.04944418966022663,0.0,0.0,0.0,0.0,0.0,0.0,0.0,0.0,0.0,0.0,0.0,0.0,0.056029183524237566,0.0,0.0,0.0,0.0,0.0,0.0,0.0,0.0,0.0,0.0,0.0,0.04966456301336543,0.0,0.05009115777850659,0.0,0.04966082532282292,0.0,0.0,0.0,0.0,0.0,0.0,0.0,0.0,0.0,0.0,0.0,0.0,0.0,0.0,0.0,0.0,0.0,0.0,0.0,0.0,0.0,0.0,0.0,0.0,0.0,0.0,0.0,0.0,0.0,0.0,0.0,0.0,0.0,0.0,0.0,0.0,0.0,0.0,0.0,0.0,0.0,0.0,0.0,0.0,0.0,0.0,0.0,0.0,0.0,0.0,0.0,0.0,0.0,0.0,0.0,0.0,0.0,0.0,0.0,0.0,0.0,0.0,0.0,0.0,0.0,0.0,0.0,0.0,0.0,0.0,0.0,0.0,0.0,0.0,0.0,0.0,0.0,0.0,0.0,0.0,0.0,0.0,0.0,0.0,0.0,0.0,0.0,0.0,0.0,0.0,0.0,0.0,0.0,0.0,0.0,0.0,0.0,0.0,0.0,0.0,0.0
0.03837780038259594,0.04059531688990247,0.03994062507478827,0.04067980255234039,0.0,0.0,0.0390321575745918,0.03815884442557928,0.04348853820356281,0.03988859898428867,0.0,0.03877654148128551,0.04118768492350764,0.04348853820356281,0.0,0.0,0.0,0.03837780038259594,0.0,0.0,0.038801877349053195,0.0,0.0,0.03845162757564576,0.038575625406606695,0.04028043739113189,0.03811069444498061,0.038227081675705606,0.03808668770594013,0.03969399106932279,0.039953908360475,0.0,0.0,0.0,0.0,0.038726018278745986,0.0,0.0,0.041736596785799635,0.038014938779983715,0.0,0.0,0.041225864603885144,0.0,0.0,0.040769307176610495,0.0,0.04023099667198516,0.0,0.038575625406606695,0.0,0.0,0.0,0.0,0.0,0.0,0.0,0.0,0.0,0.0,0.0,0.0,0.0,0.0,0.0,0.0,0.0,0.0,0.0,0.0,0.0,0.0,0.0,0.0,0.0,0.0,0.0,0.0,0.0,0.0,0.0,0.0,0.0,0.0,0.0,0.0,0.0,0.0,0.0,0.0,0.0,0.0,0.0,0.0,0.0,0.0,0.0,0.0,0.0,0.0,0.0,0.0,0.0,0.0,0.0,0.0,0.0,0.0,0.0,0.0,0.0,0.0,0.0,0.0,0.0,0.0,0.0,0.0,0.0,0.0,0.0,0.0,0.0,0.0,0.0,0.0,0.0,0.0,0.0,0.0,0.0,0.0,0.0,0.0,0.0,0.0,0.0,0.0,0.0,0.0,0.0,0.0,0.0,0.0,0.0,0.0,0.0,0.0,0.0,0.0
0.03742088129913232,0.03958310584487298,0.03894473823503956,0.03966548492637453,0.03778776145746644,0.0,0.038058922629401346,0.03720738482993462,0.0,0.0388940093725817,0.0,0.0378096801144473,0.04016070366574736,0.0,0.0,0.0,0.0,0.03742088129913232,0.0,0.0,0.03783438425306111,0.0,0.0,0.037492867671467985,0.03761377371786671,0.03927607760902943,0.03716043542974556,0.03727392064000451,0.03713702727912053,0.038704253846907746,0.03895769031285512,0.038510226078122635,0.0,0.0,0.038726018278745986,0.0,0.0,0.03732026599715442,0.0,0.03706706735398702,0.03746882607382338,0.0,0.04019793136700179,0.0,0.0,0.03975275782599735,0.0,0.03922786965380299,0.0,0.03761377371786671,0.0,0.0,0.0,0.0,0.0,0.0,0.0,0.0,0.0,0.0,0.0,0.0,0.0,0.0,0.0,0.0,0.0,0.0,0.0,0.0,0.0,0.0,0.0,0.0,0.0,0.0,0.0,0.0,0.0,0.0,0.0,0.0,0.0,0.0,0.0,0.0,0.0,0.0,0.0,0.0,0.0,0.0,0.0,0.0,0.0,0.0,0.0,0.0,0.0,0.0,0.0,0.0,0.0,0.0,0.0,0.0,0.0,0.0,0.0,0.0,0.0,0.0,0.0,0.0,0.0,0.0,0.0,0.0,0.0,0.0,0.0,0.0,0.0,0.0,0.0,0.0,0.0,0.0,0.0,0.0,0.0,0.0,0.0,0.0,0.0,0.0,0.0,0.0,0.0,0.0,0.0,0.0,0.0,0.0,0.0,0.0,0.0,0.0,0.0,0.0
0.0386384616109325,0.0,0.0,0.0,0.03901727911659971,0.045790310652485205,0.0,0.03841801850957357,0.0,0.0,0.04179748854795993,0.0,0.0,0.0,0.04823931727755576,0.0,0.04529177816773108,0.0386384616109325,0.0451672841979977,0.041447060941832814,0.039065418899395805,0.040214884977253895,0.0,0.03871279023675421,0.0,0.0,0.03836954149530017,0.0384867192256948,0.038345371702983466,0.0,0.0,0.0397632508987001,0.0,0.0,0.0,0.0,0.0,0.03853457254290471,0.0,0.038273135459802377,0.038687966386662845,0.0,0.0,0.03978901820947131,0.041631790995258024,0.0,0.04198938810322509,0.0,0.0416286578407102,0.038837630258424544,0.0,0.0,0.0,0.0,0.0,0.0,0.0,0.0,0.0,0.0,0.0,0.0,0.0,0.0,0.0,0.0,0.0,0.0,0.0,0.0,0.0,0.0,0.0,0.0,0.0,0.0,0.0,0.0,0.0,0.0,0.0,0.0,0.0,0.0,0.0,0.0,0.0,0.0,0.0,0.0,0.0,0.0,0.0,0.0,0.0,0.0,0.0,0.0,0.0,0.0,0.0,0.0,0.0,0.0,0.0,0.0,0.0,0.0,0.0,0.0,0.0,0.0,0.0,0.0,0.0,0.0,0.0,0.0,0.0,0.0,0.0,0.0,0.0,0.0,0.0,0.0,0.0,0.0,0.0,0.0,0.0,0.0,0.0,0.0,0.0,0.0,0.0,0.0,0.0,0.0,0.0,0.0,0.0,0.0,0.0,0.0,0.0,0.0,0.0,0.0
0.0369846883910151,0.0,0.03849078263493456,0.0,0.03734729204602706,0.0,0.03761529245380974,0.03677368052290158,0.0,0.0,0.04000850512733476,0.03736895521028838,0.0,0.0,0.0,0.0,0.0,0.0369846883910151,0.0,0.03967307624958271,0.03739337138748358,0.0384936389171203,0.037551297499898065,0.0,0.037175332377800255,0.0,0.036727278383885745,0.036839440764693,0.03670414308811983,0.03825310142997145,0.0,0.03806133532723438,0.0,0.0,0.0,0.03732026599715442,0.03853457254290471,0.0,0.0,0.03663499864413311,0.03703207430204568,0.0,0.0,0.0,0.03984989963171379,0.0,0.040192191147894345,0.0387706137595135,0.0398469005799969,0.037175332377800255,0.0,0.0,0.0,0.0,0.0,0.0,0.0,0.0,0.0,0.0,0.0,0.0,0.0,0.0,0.0,0.0,0.0,0.0,0.0,0.0,0.0,0.0,0.0,0.0,0.0,0.0,0.0,0.0,0.0,0.0,0.0,0.0,0.0,0.0,0.0,0.0,0.0,0.0,0.0,0.0,0.0,0.0,0.0,0.0,0.0,0.0,0.0,0.0,0.0,0.0,0.0,0.0,0.0,0.0,0.0,0.0,0.0,0.0,0.0,0.0,0.0,0.0,0.0,0.0,0.0,0.0,0.0,0.0,0.0,0.0,0.0,0.0,0.0,0.0,0.0,0.0,0.0,0.0,0.0,0.0,0.0,0.0,0.0,0.0,0.0,0.0,0.0,0.0,0.0,0.0,0.0,0.0,0.0,0.0,0.0,0.0,0.0,0.0,0.0,0.0
0.0,0.04266031473428796,0.041972320132287924,0.04274909800354809,0.0,0.0,0.041017640813258066,0.0,0.04570070809225681,0.041917647584685275,0.0,0.0,0.043282815275930815,0.04570070809225681,0.0,0.0,0.0,0.0,0.0,0.0,0.0,0.0,0.0,0.0,0.0,0.04232941798190249,0.0,0.0,0.0,0.041713140377000614,0.04198627911060156,0.0,0.0,0.0,0.041736596785799635,0.0,0.0,0.0,0.0,0.0,0.0,0.0,0.043322937075836364,0.0,0.0,0.04284315553860546,0.0,0.04227746231802113,0.0,0.0,0.0,0.0,0.0,0.0,0.0,0.0,0.0,0.0,0.0,0.0,0.0,0.0,0.0,0.0,0.0,0.0,0.0,0.0,0.0,0.0,0.0,0.0,0.0,0.0,0.0,0.0,0.0,0.0,0.0,0.0,0.0,0.0,0.0,0.0,0.0,0.0,0.0,0.0,0.0,0.0,0.0,0.0,0.0,0.0,0.0,0.0,0.0,0.0,0.0,0.0,0.0,0.0,0.0,0.0,0.0,0.0,0.0,0.0,0.0,0.0,0.0,0.0,0.0,0.0,0.0,0.0,0.0,0.0,0.0,0.0,0.0,0.0,0.0,0.0,0.0,0.0,0.0,0.0,0.0,0.0,0.0,0.0,0.0,0.0,0.0,0.0,0.0,0.0,0.0,0.0,0.0,0.0,0.0,0.0,0.0,0.0,0.0,0.0,0.0,0.0
0.03673376646780887,0.0,0.03822964264363975,0.0,0.037093910045139074,0.0,0.037360092209192626,0.036524190178610354,0.0,0.038179845254534765,0.039737068176318134,0.03711542623606966,0.0,0.0,0.0,0.0,0.0,0.03673376646780887,0.0,0.0,0.037139676762169616,0.03823247954743269,0.0,0.036804431040593916,0.036923117034049116,0.03855489802948808,0.03647810285403447,0.0365895042712774,0.036455124519247824,0.03799357398234414,0.03824235689796066,0.03780310891312656,0.0,0.0,0.038014938779983715,0.03706706735398702,0.038273135459802377,0.03663499864413311,0.0,0.0,0.03678083089001675,0.0,0.0,0.0,0.0,0.0,0.03991950798252389,0.03850757525921383,0.03957656003199409,0.036923117034049116,0.0,0.0,0.0,0.0,0.0,0.0,0.0,0.0,0.0,0.0,0.0,0.0,0.0,0.0,0.0,0.0,0.0,0.0,0.0,0.0,0.0,0.0,0.0,0.0,0.0,0.0,0.0,0.0,0.0,0.0,0.0,0.0,0.0,0.0,0.0,0.0,0.0,0.0,0.0,0.0,0.0,0.0,0.0,0.0,0.0,0.0,0.0,0.0,0.0,0.0,0.0,0.0,0.0,0.0,0.0,0.0,0.0,0.0,0.0,0.0,0.0,0.0,0.0,0.0,0.0,0.0,0.0,0.0,0.0,0.0,0.0,0.0,0.0,0.0,0.0,0.0,0.0,0.0,0.0,0.0,0.0,0.0,0.0,0.0,0.0,0.0,0.0,0.0,0.0,0.0,0.0,0.0,0.0,0.0,0.0,0.0,0.0,0.0,0.0,0.0
0.037131912640257204,0.0,0.038644002165034635,0.0,0.03749595970477737,0.0,0.037765026936712125,0.03692006481711584,0.0,0.0,0.04016776622664151,0.03751770910318675,0.0,0.0,0.0,0.0,0.0,0.037131912640257204,0.0,0.039831002113502885,0.0375422224733965,0.03864686981716883,0.03770077723929834,0.037203343124950765,0.03732331551995313,0.0,0.03687347796598327,0.03698608682945742,0.03685025057598327,0.038405374826996415,0.0,0.03821284536456284,0.0,0.0,0.0,0.03746882607382338,0.038687966386662845,0.03703207430204568,0.0,0.03678083089001675,0.0,0.0,0.0,0.03823760798431114,0.04000852937312531,0.0,0.040352183442667375,0.03892494720807614,0.04000551838314,0.03732331551995313,0.0,0.0,0.0,0.0,0.0,0.0,0.0,0.0,0.0,0.0,0.0,0.0,0.0,0.0,0.0,0.0,0.0,0.0,0.0,0.0,0.0,0.0,0.0,0.0,0.0,0.0,0.0,0.0,0.0,0.0,0.0,0.0,0.0,0.0,0.0,0.0,0.0,0.0,0.0,0.0,0.0,0.0,0.0,0.0,0.0,0.0,0.0,0.0,0.0,0.0,0.0,0.0,0.0,0.0,0.0,0.0,0.0,0.0,0.0,0.0,0.0,0.0,0.0,0.0,0.0,0.0,0.0,0.0,0.0,0.0,0.0,0.0,0.0,0.0,0.0,0.0,0.0,0.0,0.0,0.0,0.0,0.0,0.0,0.0,0.0,0.0,0.0,0.0,0.0,0.0,0.0,0.0,0.0,0.0,0.0,0.0,0.0,0.0,0.0,0.0
0.0,0.0,0.0,0.0,0.0,0.0,0.0,0.0,0.0563436169819011,0.0,0.0,0.0,0.0,0.0563436169819011,0.0,0.0,0.0,0.0,0.0,0.0,0.0,0.0,0.0,0.0,0.0,0.0,0.0,0.0,0.0,0.0,0.0,0.0,0.0,0.0,0.0,0.0,0.0,0.0,0.0,0.0,0.0,0.0,0.0,0.0,0.0,0.0,0.0,0.0,0.0,0.0,0.0,0.0,0.0,0.0,0.0,0.0,0.0,0.0,0.0,0.0,0.0,0.0,0.0,0.0,0.0,0.0,0.0,0.0,0.0,0.0,0.0,0.0,0.0,0.0,0.0,0.0,0.0,0.0,0.0,0.0,0.0,0.0,0.0,0.0,0.0,0.0,0.0,0.0,0.0,0.0,0.0,0.0,0.0,0.0,0.0,0.0,0.0,0.0,0.0,0.0,0.0,0.0,0.0,0.0,0.0,0.0,0.0,0.0,0.0,0.0,0.0,0.0,0.0,0.0,0.0,0.0,0.0,0.0,0.0,0.0,0.0,0.0,0.0,0.0,0.0,0.0,0.0,0.0,0.0,0.0,0.0,0.0,0.0,0.0,0.0,0.0,0.0,0.0,0.0,0.0,0.0,0.0,0.0,0.0,0.0,0.0,0.0,0.0,0.0,0.0
0.0,0.04213827898381166,0.041458703395609704,0.04222597580912765,0.0,0.0,0.04051570652050644,0.0,0.04514146694284578,0.04140469987786762,0.0,0.04025037487445217,0.042753161964743755,0.04514146694284578,0.0,0.0,0.0,0.0,0.0,0.0,0.0,0.0,0.04044677708775877,0.0,0.040041822305935226,0.04181143142645762,0.0,0.0,0.0,0.04120269523197385,0.04147249155742175,0.0,0.0,0.0,0.041225864603885144,0.04019793136700179,0.0,0.0,0.043322937075836364,0.0,0.0,0.0,0.0,0.0,0.0,0.04231888235886746,0.0,0.04176011154583653,0.0,0.0,0.0,0.0,0.0,0.0,0.0,0.0,0.0,0.0,0.0,0.0,0.0,0.0,0.0,0.0,0.0,0.0,0.0,0.0,0.0,0.0,0.0,0.0,0.0,0.0,0.0,0.0,0.0,0.0,0.0,0.0,0.0,0.0,0.0,0.0,0.0,0.0,0.0,0.0,0.0,0.0,0.0,0.0,0.0,0.0,0.0,0.0,0.0,0.0,0.0,0.0,0.0,0.0,0.0,0.0,0.0,0.0,0.0,0.0,0.0,0.0,0.0,0.0,0.0,0.0,0.0,0.0,0.0,0.0,0.0,0.0,0.0,0.0,0.0,0.0,0.0,0.0,0.0,0.0,0.0,0.0,0.0,0.0,0.0,0.0,0.0,0.0,0.0,0.0,0.0,0.0,0.0,0.0,0.0,0.0,0.0,0.0,0.0,0.0,0.0,0.0
0.038188679483164054,0.0,0.0,0.0,0.03856308725467956,0.045257275368528006,0.03883981208647932,0.0,0.0,0.0,0.04131093285835247,0.0,0.0,0.0,0.0,0.0,0.04476454619457885,0.038188679483164054,0.0,0.040964584505584344,0.038610666652485325,0.03974675203978947,0.03877373385546557,0.03826214286523427,0.038385529650718786,0.0,0.0379228898094998,0.03803870349881446,0.0,0.0,0.0,0.03930037533765169,0.0,0.0,0.0,0.0,0.03978901820947131,0.0,0.0,0.0,0.03823760798431114,0.0,0.0,0.0,0.041147164155680115,0.0,0.04150059855163953,0.0,0.04114406747351915,0.0,0.0,0.0,0.0,0.0,0.0,0.0,0.0,0.0,0.0,0.0,0.0,0.0,0.0,0.0,0.0,0.0,0.0,0.0,0.0,0.0,0.0,0.0,0.0,0.0,0.0,0.0,0.0,0.0,0.0,0.0,0.0,0.0,0.0,0.0,0.0,0.0,0.0,0.0,0.0,0.0,0.0,0.0,0.0,0.0,0.0,0.0,0.0,0.0,0.0,0.0,0.0,0.0,0.0,0.0,0.0,0.0,0.0,0.0,0.0,0.0,0.0,0.0,0.0,0.0,0.0,0.0,0.0,0.0,0.0,0.0,0.0,0.0,0.0,0.0,0.0,0.0,0.0,0.0,0.0,0.0,0.0,0.0,0.0,0.0,0.0,0.0,0.0,0.0,0.0,0.0,0.0,0.0,0.0,0.0,0.0,0.0,0.0,0.0,0.0,0.0
0.03995733481680972,0.0,0.0,0.0,0.04034908276114637,0.04735330284447428,0.0,0.0,0.0,0.0,0.04322419099470711,0.0,0.0,0.0,0.0,0.0,0.04683775360726706,0.03995733481680972,0.046709010199172805,0.04286180200189295,0.040398865732284336,0.04158756732698098,0.0405694851649357,0.0,0.0,0.0,0.03967923546576682,0.03980041290428905,0.0,0.0,0.0,0.041120517311554146,0.048570151256324294,0.04966456301336543,0.0,0.0,0.041631790995258024,0.03984989963171379,0.0,0.0,0.04000852937312531,0.0,0.0,0.041147164155680115,0.0,0.0,0.043422640789580864,0.0,0.0430495974727169,0.0,0.0,0.0,0.0,0.0,0.0,0.0,0.0,0.0,0.0,0.0,0.0,0.0,0.0,0.0,0.0,0.0,0.0,0.0,0.0,0.0,0.0,0.0,0.0,0.0,0.0,0.0,0.0,0.0,0.0,0.0,0.0,0.0,0.0,0.0,0.0,0.0,0.0,0.0,0.0,0.0,0.0,0.0,0.0,0.0,0.0,0.0,0.0,0.0,0.0,0.0,0.0,0.0,0.0,0.0,0.0,0.0,0.0,0.0,0.0,0.0,0.0,0.0,0.0,0.0,0.0,0.0,0.0,0.0,0.0,0.0,0.0,0.0,0.0,0.0,0.0,0.0,0.0,0.0,0.0,0.0,0.0,0.0,0.0,0.0,0.0,0.0,0.0,0.0,0.0,0.0,0.0,0.0,0.0,0.0,0.0,0.0,0.0,0.0,0.0,0.0
0.0,0.04167161698830272,0.040999567386157565,0.041758342611745054,0.0,0.0,0.04006701376631072,0.0,0.04464154602647798,0.040946161932455157,0.0,0.03980462054580219,0.04227969042395186,0.04464154602647798,0.0,0.0,0.0,0.0,0.0,0.0,0.0,0.0,0.0,0.03947109222610182,0.0,0.04134838911682624,0.0,0.0,0.0,0.04074639439480188,0.041013202850439925,0.0,0.0,0.0,0.040769307176610495,0.03975275782599735,0.0,0.0,0.04284315553860546,0.0,0.0,0.0,0.04231888235886746,0.0,0.0,0.0,0.0,0.041297637580202044,0.0,0.039598377600747324,0.0,0.0,0.0,0.0,0.0,0.0,0.0,0.0,0.0,0.0,0.0,0.0,0.0,0.0,0.0,0.0,0.0,0.0,0.0,0.0,0.0,0.0,0.0,0.0,0.0,0.0,0.0,0.0,0.0,0.0,0.0,0.0,0.0,0.0,0.0,0.0,0.0,0.0,0.0,0.0,0.0,0.0,0.0,0.0,0.0,0.0,0.0,0.0,0.0,0.0,0.0,0.0,0.0,0.0,0.0,0.0,0.0,0.0,0.0,0.0,0.0,0.0,0.0,0.0,0.0,0.0,0.0,0.0,0.0,0.0,0.0,0.0,0.0,0.0,0.0,0.0,0.0,0.0,0.0,0.0,0.0,0.0,0.0,0.0,0.0,0.0,0.0,0.0,0.0,0.0,0.0,0.0,0.0,0.0,0.0,0.0,0.0,0.0,0.0,0.0
0.04030054914967834,0.0,0.0,0.0,0.04069566202087972,0.04776004499380439,0.0,0.0,0.0,0.0,0.043595466054569036,0.0,0.0,0.0,0.050314399068647216,0.0,0.047240067436031735,0.04030054914967834,0.04711021818383845,0.04322996431419607,0.0407458726038518,0.04194478457485793,0.040917957575559265,0.0,0.0,0.0,0.0,0.04014227935322684,0.03999485156887112,0.0,0.0,0.04147372282390879,0.04898734554961721,0.05009115777850659,0.0,0.0,0.04198938810322509,0.040192191147894345,0.0,0.03991950798252389,0.040352183442667375,0.0,0.0,0.04150059855163953,0.043422640789580864,0.0,0.0,0.0,0.043419372858002236,0.0,0.0,0.0,0.0,0.0,0.0,0.0,0.0,0.0,0.0,0.0,0.0,0.0,0.0,0.0,0.0,0.0,0.0,0.0,0.0,0.0,0.0,0.0,0.0,0.0,0.0,0.0,0.0,0.0,0.0,0.0,0.0,0.0,0.0,0.0,0.0,0.0,0.0,0.0,0.0,0.0,0.0,0.0,0.0,0.0,0.0,0.0,0.0,0.0,0.0,0.0,0.0,0.0,0.0,0.0,0.0,0.0,0.0,0.0,0.0,0.0,0.0,0.0,0.0,0.0,0.0,0.0,0.0,0.0,0.0,0.0,0.0,0.0,0.0,0.0,0.0,0.0,0.0,0.0,0.0,0.0,0.0,0.0,0.0,0.0,0.0,0.0,0.0,0.0,0.0,0.0,0.0,0.0,0.0,0.0,0.0,0.0,0.0,0.0,0.0,0.0
0.0,0.04112139254930621,0.04045821656767407,0.04120697306341625,0.0,0.0,0.03953797621593148,0.038653345781430606,0.04405210718552178,0.04040551626985297,0.0,0.039279047587703855,0.04172143709408959,0.04405210718552178,0.0,0.0,0.0,0.0,0.0,0.0,0.0,0.0,0.039470710197228934,0.03894992311517476,0.039075527836922246,0.04080243251975919,0.038604571824109146,0.0,0.0,0.040208386426373297,0.04047167199177015,0.0,0.0,0.0,0.04023099667198516,0.03922786965380299,0.0,0.0387706137595135,0.04227746231802113,0.03850757525921383,0.03892494720807614,0.0,0.04176011154583653,0.0,0.0,0.041297637580202044,0.0,0.0,0.0,0.039075527836922246,0.0,0.0,0.0,0.0,0.0,0.0,0.0,0.0,0.0,0.0,0.0,0.0,0.0,0.0,0.0,0.0,0.0,0.0,0.0,0.0,0.0,0.0,0.0,0.0,0.0,0.0,0.0,0.0,0.0,0.0,0.0,0.0,0.0,0.0,0.0,0.0,0.0,0.0,0.0,0.0,0.0,0.0,0.0,0.0,0.0,0.0,0.0,0.0,0.0,0.0,0.0,0.0,0.0,0.0,0.0,0.0,0.0,0.0,0.0,0.0,0.0,0.0,0.0,0.0,0.0,0.0,0.0,0.0,0.0,0.0,0.0,0.0,0.0,0.0,0.0,0.0,0.0,0.0,0.0,0.0,0.0,0.0,0.0,0.0,0.0,0.0,0.0,0.0,0.0,0.0,0.0,0.0,0.0,0.0,0.0,0.0,0.0,0.0,0.0,0.0
0.03995432767966027,0.0,0.0,0.0,0.04034604614155516,0.04734973909637182,0.0,0.039726377198735244,0.0,0.0,0.04322093799820244,0.0,0.0,0.0,0.04988214875007403,0.0,0.04683422865873095,0.03995432767966027,0.046705494939698465,0.04285857627831346,0.040395825366091334,0.04158443750064903,0.04056643195814568,0.0,0.0,0.0,0.03967624925801353,0.03979741757687903,0.039651256342615016,0.0,0.0,0.041117422634800074,0.048566495929789955,0.04966082532282292,0.0,0.0,0.0416286578407102,0.0398469005799969,0.0,0.03957656003199409,0.04000551838314,0.0,0.0,0.04114406747351915,0.0430495974727169,0.0,0.043419372858002236,0.0,0.0,0.0,0.0,0.0,0.0,0.0,0.0,0.0,0.0,0.0,0.0,0.0,0.0,0.0,0.0,0.0,0.0,0.0,0.0,0.0,0.0,0.0,0.0,0.0,0.0,0.0,0.0,0.0,0.0,0.0,0.0,0.0,0.0,0.0,0.0,0.0,0.0,0.0,0.0,0.0,0.0,0.0,0.0,0.0,0.0,0.0,0.0,0.0,0.0,0.0,0.0,0.0,0.0,0.0,0.0,0.0,0.0,0.0,0.0,0.0,0.0,0.0,0.0,0.0,0.0,0.0,0.0,0.0,0.0,0.0,0.0,0.0,0.0,0.0,0.0,0.0,0.0,0.0,0.0,0.0,0.0,0.0,0.0,0.0,0.0,0.0,0.0,0.0,0.0,0.0,0.0,0.0,0.0,0.0,0.0,0.0,0.0,0.0,0.0,0.0,0.0,0.0
0.03727555693926523,0.039429384464757036,0.03879349596180294,0.039511443626286905,0.03764101231490299,0.0,0.03791112042976483,0.03706288958570144,0.0,0.038742964105380424,0.0,0.03766284585056429,0.040004739178824064,0.0,0.0,0.0,0.0,0.03727555693926523,0.0,0.0,0.037687454050413294,0.0,0.0,0.03734726375181728,0.037467700258397935,0.03912354857608133,0.037016122513968894,0.03712916700329978,0.03699280526912661,0.03855394549715315,0.038806397740097164,0.038360671237112794,0.0,0.0,0.038575625406606695,0.03761377371786671,0.038837630258424544,0.037175332377800255,0.0,0.036923117034049116,0.03732331551995313,0.0,0.0,0.0,0.0,0.039598377600747324,0.0,0.039075527836922246,0.0,0.0,0.0,0.0,0.0,0.0,0.0,0.0,0.0,0.0,0.0,0.0,0.0,0.0,0.0,0.0,0.0,0.0,0.0,0.0,0.0,0.0,0.0,0.0,0.0,0.0,0.0,0.0,0.0,0.0,0.0,0.0,0.0,0.0,0.0,0.0,0.0,0.0,0.0,0.0,0.0,0.0,0.0,0.0,0.0,0.0,0.0,0.0,0.0,0.0,0.0,0.0,0.0,0.0,0.0,0.0,0.0,0.0,0.0,0.0,0.0,0.0,0.0,0.0,0.0,0.0,0.0,0.0,0.0,0.0,0.0,0.0,0.0,0.0,0.0,0.0,0.0,0.0,0.0,0.0,0.0,0.0,0.0,0.0,0.0,0.0,0.0,0.0,0.0,0.0,0.0,0.0,0.0,0.0,0.0,0.0,0.0,0.0,0.0,0.0,0.0,0.0
0.0,0.0,0.0,0.0,0.0,0.0,0.0,0.0,0.0,0.0,0.0,0.0,0.0,0.0,0.0,0.0,0.0,0.0,0.0,0.0,0.0,0.0,0.0,0.0,0.0,0.0,0.0,0.0,0.0,0.0,0.0,0.0,0.0,0.0,0.0,0.0,0.0,0.0,0.0,0.0,0.0,0.0,0.0,0.0,0.0,0.0,0.0,0.0,0.0,0.0,0.0,0.04200307441446243,0.04351885456668494,0.0,0.04178517525013847,0.0,0.042204758115781886,0.0,0.04297372228331724,0.0,0.0,0.0,0.0,0.0,0.0,0.0427985616852241,0.0,0.0,0.0,0.0,0.0,0.0,0.0,0.0,0.042122063532211304,0.0425158777979075,0.0437402981687705,0.04199320411132664,0.0,0.0,0.0,0.0,0.0,0.0,0.0,0.0,0.04278084704800612,0.0,0.0,0.0,0.0,0.0,0.0,0.0,0.0,0.0,0.0,0.0,0.0,0.0,0.0,0.0,0.0,0.0,0.0,0.0,0.0,0.0,0.0,0.0,0.0,0.0,0.0,0.0,0.0,0.0,0.0,0.0,0.0,0.0,0.0,0.0,0.0,0.0,0.0,0.04641452082373818,0.0,0.0,0.0,0.04718811800329457,0.0,0.0,0.0,0.0,0.0,0.0,0.0,0.0,0.0,0.0,0.0,0.0,0.0,0.0,0.0,0.0,0.0,0.0,0.0,0.0
0.0,0.0,0.0,0.0,0.0,0.0,0.0,0.0,0.0,0.0,0.0,0.0,0.0,0.0,0.0,0.0,0.0,0.0,0.0,0.0,0.0,0.0,0.0,0.0,0.0,0.0,0.0,0.0,0.0,0.0,0.0,0.0,0.0,0.0,0.0,0.0,0.0,0.0,0.0,0.0,0.0,0.0,0.0,0.0,0.0,0.0,0.0,0.0,0.0,0.0,0.04200307441446243,0.0,0.040917413450601604,0.0,0.039287368862061516,0.0,0.03968187018249522,0.0,0.040404867721953175,0.0,0.0,0.03846665449566752,0.0,0.03839232272670231,0.0,0.040240177757481586,0.03897348338945168,0.0,0.0,0.0,0.0395807329012469,0.03913508802207382,0.0,0.03939369481795881,0.0396041188606883,0.03997439195938727,0.04112561974446537,0.039482962312478526,0.03819619208120582,0.0,0.0,0.0,0.0,0.0,0.0,0.039328025302889535,0.04022352205405389,0.0,0.0,0.0,0.0,0.038844900117852244,0.0,0.0,0.0,0.0,0.0,0.03902527541680674,0.0,0.0,0.0,0.0,0.0,0.0,0.0,0.0,0.0,0.0,0.0,0.0,0.03936703241570441,0.0,0.0,0.0,0.0,0.0,0.0,0.0,0.0,0.0,0.0,0.0,0.0,0.0,0.0,0.0,0.03897348338945168,0.03889618053637491,0.0,0.0,0.0,0.0,0.0,0.03902527541680674,0.0,0.0,0.0,0.03880799014339268,0.03889618053637491,0.0,0.0,0.0,0.0,0.0,0.0,0.0,0.0,0.0,0.0,0.03916221806902173
0.0,0.0,0.0,0.0,0.0,0.0,0.0,0.0,0.0,0.0,0.0,0.0,0.0,0.0,0.0,0.0,0.0,0.0,0.0,0.0,0.0,0.0,0.0,0.0,0.0,0.0,0.0,0.0,0.0,0.0,0.0,0.0,0.0,0.0,0.0,0.0,0.0,0.0,0.0,0.0,0.0,0.0,0.0,0.0,0.0,0.0,0.0,0.0,0.0,0.0,0.04351885456668494,0.040917413450601604,0.0,0.0,0.04070514636488289,0.0,0.04111388419728328,0.0,0.041862972810685066,0.0,0.0,0.0,0.0,0.0,0.0,0.041692339619845024,0.0,0.0,0.0,0.0,0.0,0.0,0.0,0.0,0.041033327035379014,0.0414169623134359,0.04260973487235816,0.04090779826695326,0.0,0.0,0.0,0.0,0.0,0.0,0.0,0.0,0.041675082856018085,0.0,0.0,0.0,0.0,0.0,0.0,0.0,0.0,0.0,0.0,0.0,0.0,0.0,0.0,0.0,0.0,0.0,0.0,0.0,0.0,0.0,0.0,0.0,0.0,0.0,0.0,0.0,0.0,0.0,0.04073260346504715,0.0,0.0,0.0,0.0,0.0,0.0,0.0,0.0,0.045214836416891814,0.0,0.0,0.0,0.04596843829202572,0.0,0.0,0.0,0.040433594658586924,0.0,0.0,0.0,0.0402084681328502,0.0,0.043490519460527025,0.0,0.0,0.0,0.0,0.0,0.0,0.0,0.0,0.0,0.0
0.0,0.0,0.0,0.0,0.0,0.0,0.0,0.0,0.0,0.0,0.0,0.0,0.0,0.0,0.0,0.0,0.0,0.0,0.0,0.0,0.0,0.0,0.0,0.0,0.0,0.0,0.0,0.0,0.0,0.0,0.0,0.0,0.0,0.0,0.0,0.0,0.0,0.0,0.0,0.0,0.0,0.0,0.0,0.0,0.0,0.0,0.0,0.0,0.0,0.0,0.0,0.0,0.0,0.0,0.0,0.044697490245306504,0.0,0.053522105413012055,0.0,0.048333835861649396,0.05383310225133693,0.0,0.052873933045053445,0.0,0.045961775697320295,0.0,0.0,0.046002576216404197,0.05283667163588355,0.04884939531592743,0.0,0.0,0.0,0.0,0.0,0.0,0.0,0.0,0.0,0.04778961156177909,0.05052584357616045,0.04973223880687307,0.0458265539400356,0.0,0.0,0.0,0.0,0.04915699929487036,0.0,0.04888130523961207,0.04633294007431996,0.0,0.045963405634221605,0.053522105413012055,0.04503758214527328,0.0,0.0,0.0,0.05308174100114906,0.04498992729603195,0.0,0.0,0.0,0.0,0.0,0.0,0.054999297567804716,0.0,0.0,0.0,0.0,0.0,0.0,0.0,0.0,0.0,0.0,0.0,0.0,0.05221504209657848,0.0,0.0,0.0,0.0,0.0,0.0,0.0,0.0,0.0,0.0,0.0,0.0,0.0,0.0,0.0,0.0,0.0,0.0,0.0,0.0,0.0,0.0,0.0,0.0,0.0,0.0,0.0,0.0,0.0,0.0
0.0,0.0,0.0,0.0,0.0,0.0,0.0,0.0,0.0,0.0,0.0,0.0,0.0,0.0,0.0,0.0,0.0,0.0,0.0,0.0,0.0,0.0,0.0,0.0,0.0,0.0,0.0,0.0,0.0,0.0,0.0,0.0,0.0,0.0,0.0,0.0,0.0,0.0,0.0,0.0,0.0,0.0,0.0,0.0,0.0,0.0,0.0,0.0,0.0,0.0,0.04178517525013847,0.039287368862061516,0.04070514636488289,0.0,0.0,0.0,0.03947601271915201,0.0,0.04019525956745574,0.0,0.0,0.03826710120139584,0.0,0.038193155043021426,0.0,0.0400314239643882,0.0,0.0,0.0,0.0,0.0,0.038932067098138345,0.04090351470285089,0.039189332320686214,0.03939866474753511,0.03976701698210918,0.0409122725478721,0.03927813672261739,0.037998041863611595,0.0,0.0,0.0,0.0,0.03929597015678147,0.0,0.0,0.04001485466567989,0.0,0.0,0.0,0.0,0.03864338460043066,0.0,0.0,0.0,0.0,0.0,0.038822824167240436,0.0,0.0,0.0,0.0,0.0,0.03888223466968364,0.0,0.0,0.0,0.0,0.0,0.0,0.0,0.03973139585997304,0.0,0.0,0.0,0.0,0.03910992123134469,0.0,0.0,0.0,0.0,0.0,0.0,0.03956739641784448,0.0,0.0,0.038771300821157796,0.0386943989917518,0.0,0.0,0.0,0.0,0.0,0.038822824167240436,0.04209261170879286,0.0,0.0,0.0,0.0386943989917518,0.0,0.0,0.0,0.0,0.0,0.0,0.0,0.0,0.0,0.0,0.0
0.0,0.0,0.0,0.0,0.0,0.0,0.0,0.0,0.0,0.0,0.0,0.0,0.0,0.0,0.0,0.0,0.0,0.0,0.0,0.0,0.0,0.0,0.0,0.0,0.0,0.0,0.0,0.0,0.0,0.0,0.0,0.0,0.0,0.0,0.0,0.0,0.0,0.0,0.0,0.0,0.0,0.0,0.0,0.0,0.0,0.0,0.0,0.0,0.0,0.0,0.0,0.0,0.0,0.044697490245306504,0.0,0.0,0.0,0.0,0.0,0.04170513537753383,0.0,0.038013619555019355,0.0,0.03794016321670916,0.039658389272793276,0.0,0.03851447935165107,0.03969359424135274,0.0,0.04214998889376165,0.0,0.03867418071126679,0.04063256942808612,0.03892974180650636,0.03913768761334664,0.0,0.0,0.0,0.037746342468876155,0.041235548230202874,0.04359652216388277,0.0,0.03954171238189455,0.039035673272549774,0.03952957371318737,0.0,0.0,0.0,0.038802549778000836,0.042177522559638365,0.039978650644855646,0.03838741044920021,0.039659795673463,0.0,0.038860943414916575,0.038802549778000836,0.038401034394321736,0.038565661406593746,0.0,0.03881982414714948,0.0,0.0,0.0,0.0,0.0,0.0,0.0,0.0,0.0,0.0,0.0,0.0,0.0,0.0,0.0,0.0,0.0,0.0,0.0,0.0,0.0,0.0,0.0,0.0,0.0,0.0,0.0,0.0,0.0,0.0,0.0,0.0,0.0,0.0,0.0,0.0,0.0,0.0,0.0,0.0,0.0,0.0,0.0,0.0,0.0,0.0,0.0,0.0,0.0,0.0
0.0,0.0,0.0,0.0,0.0,0.0,0.0,0.0,0.0,0.0,0.0,0.0,0.0,0.0,0.0,0.0,0.0,0.0,0.0,0.0,0.0,0.0,0.0,0.0,0.0,0.0,0.0,0.0,0.0,0.0,0.0,0.0,0.0,0.0,0.0,0.0,0.0,0.0,0.0,0.0,0.0,0.0,0.0,0.0,0.0,0.0,0.0,0.0,0.0,0.0,0.042204758115781886,0.03968187018249522,0.04111388419728328,0.0,0.03947601271915201,0.0,0.0,0.0,0.04059887740784132,0.0,0.0,0.03865135757667322,0.0,0.0385766688932083,0.0,0.04043339666121705,0.0,0.0,0.0,0.0,0.039770785387255196,0.0,0.0,0.0,0.03979428363768779,0.04016633465502928,0.041323090223108816,0.03967254533917943,0.03837959649868327,0.0,0.0,0.0,0.0,0.0,0.0,0.03951686437762976,0.040416660983074115,0.0,0.0,0.0,0.0,0.03903141939869934,0.0,0.0,0.0,0.0,0.0,0.03921266079515806,0.0,0.0,0.0,0.0,0.0,0.0,0.0,0.0,0.0,0.0,0.0,0.0,0.03955605878861268,0.0,0.0,0.0,0.0,0.0,0.039502640724014076,0.0,0.0,0.0,0.0,0.0,0.0,0.0,0.0,0.0,0.0,0.03908294604740295,0.0,0.0,0.0,0.0,0.0,0.0,0.0,0.0,0.0,0.038994332195778095,0.03908294604740295,0.0,0.0,0.0,0.0,0.0,0.0,0.0,0.0,0.039404952143493634,0.0,0.039350260996882276
0.0,0.0,0.0,0.0,0.0,0.0,0.0,0.0,0.0,0.0,0.0,0.0,0.0,0.0,0.0,0.0,0.0,0.0,0.0,0.0,0.0,0.0,0.0,0.0,0.0,0.0,0.0,0.0,0.0,0.0,0.0,0.0,0.0,0.0,0.0,0.0,0.0,0.0,0.0,0.0,0.0,0.0,0.0,0.0,0.0,0.0,0.0,0.0,0.0,0.0,0.0,0.0,0.0,0.053522105413012055,0.0,0.0,0.0,0.0,0.0,0.049938970615351096,0.05562086400834989,0.0,0.054629841426470614,0.0,0.0,0.0,0.0,0.0,0.0,0.050471651458463856,0.0,0.0,0.0,0.0,0.0,0.0,0.0,0.0,0.0,0.04937667298606346,0.052203773457751755,0.05138381359842905,0.0,0.0,0.0,0.0,0.0,0.0,0.0,0.050504621089630455,0.0,0.0,0.0,0.055299539170506916,0.0,0.0,0.0,0.0,0.05484455054748473,0.0,0.0,0.0,0.0,0.0,0.0,0.0,0.05682578790074582,0.0,0.0,0.0,0.0,0.0,0.0,0.0,0.0,0.0,0.0,0.0,0.0,0.0,0.0,0.0,0.0,0.0,0.0,0.0,0.0,0.0,0.0,0.0,0.0,0.0,0.0,0.0,0.0,0.0,0.0,0.0,0.0,0.0,0.0,0.0,0.0,0.0,0.0,0.0,0.0,0.0,0.0,0.0
0.0,0.0,0.0,0.0,0.0,0.0,0.0,0.0,0.0,0.0,0.0,0.0,0.0,0.0,0.0,0.0,0.0,0.0,0.0,0.0,0.0,0.0,0.0,0.0,0.0,0.0,0.0,0.0,0.0,0.0,0.0,0.0,0.0,0.0,0.0,0.0,0.0,0.0,0.0,0.0,0.0,0.0,0.0,0.0,0.0,0.0,0.0,0.0,0.0,0.0,0.04297372228331724,0.040404867721953175,0.041862972810685066,0.0,0.04019525956745574,0.0,0.04059887740784132,0.0,0.0,0.0,0.0,0.0,0.0,0.039279529836052096,0.0,0.0411700868969228,0.0,0.0,0.0,0.0,0.0,0.04003945967380681,0.042066983582797646,0.040304042606886435,0.04051932933291895,0.0408981590622731,0.042075990537955514,0.04039537298143389,0.03907886681296844,0.0,0.0,0.0,0.0,0.0,0.0,0.0,0.041153046297311625,0.04391275882101942,0.0,0.0,0.0,0.0397425658254436,0.0,0.0,0.0,0.0,0.0,0.03992710941212382,0.0,0.0,0.0,0.0,0.0,0.0,0.0,0.0,0.0,0.0,0.0,0.0,0.0,0.0,0.0,0.0,0.0,0.0,0.0,0.0,0.0,0.0,0.0,0.0,0.0,0.0,0.0,0.0,0.0,0.0,0.0,0.0,0.0,0.0,0.0,0.03992710941212382,0.04328990353455984,0.0,0.0,0.0,0.0,0.0,0.0,0.0,0.0,0.0,0.0,0.0,0.0,0.0,0.0,0.0
0.0,0.0,0.0,0.0,0.0,0.0,0.0,0.0,0.0,0.0,0.0,0.0,0.0,0.0,0.0,0.0,0.0,0.0,0.0,0.0,0.0,0.0,0.0,0.0,0.0,0.0,0.0,0.0,0.0,0.0,0.0,0.0,0.0,0.0,0.0,0.0,0.0,0.0,0.0,0.0,0.0,0.0,0.0,0.0,0.0,0.0,0.0,0.0,0.0,0.0,0.0,0.0,0.0,0.048333835861649396,0.0,0.04170513537753383,0.0,0.049938970615351096,0.0,0.0,0.0,0.0,0.0,0.0,0.04288478093800505,0.0,0.041647808703869256,0.042922849992051024,0.0,0.0455790836035888,0.0,0.0,0.0,0.0,0.0,0.0,0.0,0.0,0.0,0.04459024900247139,0.047143298982634405,0.04640282352958899,0.042758611847467834,0.0,0.04274548564244711,0.0,0.0,0.0,0.04195931497921873,0.04560885725933214,0.04323109703998607,0.0,0.04288630175581279,0.049938970615351096,0.04202245920603238,0.04195931497921873,0.04152513447950465,0.0,0.04952808720083718,0.041977994697441436,0.0,0.0,0.0,0.0,0.0,0.0,0.051317269451732136,0.0,0.0,0.0,0.0,0.0,0.0,0.0,0.0,0.0,0.0,0.0,0.0,0.0,0.0,0.0,0.0,0.0,0.0,0.0,0.0,0.0,0.0,0.0,0.0,0.0,0.0,0.0,0.0,0.0,0.0,0.0,0.0,0.0,0.0,0.0,0.0,0.0,0.0,0.0,0.0,0.0,0.0,0.0
0.0,0.0,0.0,0.0,0.0,0.0,0.0,0.0,0.0,0.0,0.0,0.0,0.0,0.0,0.0,0.0,0.0,0.0,0.0,0.0,0.0,0.0,0.0,0.0,0.0,0.0,0.0,0.0,0.0,0.0,0.0,0.0,0.0,0.0,0.0,0.0,0.0,0.0,0.0,0.0,0.0,0.0,0.0,0.0,0.0,0.0,0.0,0.0,0.0,0.0,0.0,0.0,0.0,0.05383310225133693,0.0,0.0,0.0,0.05562086400834989,0.0,0.0,0.0,0.0,0.05494727490242822,0.0,0.0,0.0,0.0,0.0,0.0,0.05076492325536894,0.0,0.0,0.0,0.0,0.0,0.0,0.0,0.0,0.0,0.0,0.052507109964578365,0.051682385626694236,0.0,0.0,0.0,0.0,0.0,0.0,0.0,0.0,0.0,0.0,0.0,0.05562086400834989,0.0,0.0,0.0,0.0,0.05516323161744634,0.0,0.0,0.0,0.0,0.0,0.0,0.0,0.0,0.0,0.0,0.0,0.0,0.0,0.0,0.0,0.0,0.0,0.0,0.0,0.0,0.0,0.0,0.0,0.0,0.0,0.0,0.0,0.0,0.0,0.0,0.0,0.0,0.0,0.0,0.0,0.0,0.0,0.0,0.0,0.0,0.0,0.0,0.0,0.0,0.0,0.0,0.0,0.0,0.0,0.0,0.0
0.0,0.0,0.0,0.0,0.0,0.0,0.0,0.0,0.0,0.0,0.0,0.0,0.0,0.0,0.0,0.0,0.0,0.0,0.0,0.0,0.0,0.0,0.0,0.0,0.0,0.0,0.0,0.0,0.0,0.0,0.0,0.0,0.0,0.0,0.0,0.0,0.0,0.0,0.0,0.0,0.0,0.0,0.0,0.0,0.0,0.0,0.0,0.0,0.0,0.0,0.0,0.03846665449566752,0.0,0.0,0.03826710120139584,0.038013619555019355,0.03865135757667322,0.0,0.0,0.0,0.0,0.0,0.0,0.03739529883758868,0.03908884919135994,0.0,0.03796136713230659,0.0,0.0,0.0,0.03855284676546689,0.03811877499672424,0.0,0.03837066594071301,0.038575625406606695,0.03893628275146011,0.0,0.0,0.03720426157860958,0.0,0.0,0.0,0.03897384791480568,0.0384750761090713,0.03896188357134193,0.03830670182064619,0.0,0.0,0.03824530053602154,0.0,0.0,0.03783612308543803,0.0,0.0,0.03830285557315212,0.03824530053602154,0.03784955137503859,0.03801181415407535,0.0,0.03826232682536181,0.0,0.0,0.0,0.0,0.0,0.0,0.0,0.0,0.0,0.0,0.0,0.0,0.0,0.0,0.0,0.0,0.0,0.0,0.0,0.0,0.0,0.0,0.0,0.0,0.0,0.0,0.03796136713230659,0.0378860717845262,0.0,0.0,0.0,0.0,0.0,0.03801181415407535,0.0,0.0,0.0,0.0,0.0378860717845262,0.0,0.0,0.0,0.0,0.0,0.0,0.0,0.0,0.0,0.0,0.03814520049382993
0.0,0.0,0.0,0.0,0.0,0.0,0.0,0.0,0.0,0.0,0.0,0.0,0.0,0.0,0.0,0.0,0.0,0.0,0.0,0.0,0.0,0.0,0.0,0.0,0.0,0.0,0.0,0.0,0.0,0.0,0.0,0.0,0.0,0.0,0.0,0.0,0.0,0.0,0.0,0.0,0.0,0.0,0.0,0.0,0.0,0.0,0.0,0.0,0.0,0.0,0.0,0.0,0.0,0.052873933045053445,0.0,0.0,0.0,0.054629841426470614,0.0,0.0,0.05494727490242822,0.0,0.0,0.0,0.0,0.0,0.0,0.046954682079833,0.05393022136735811,0.049860421209052534,0.0,0.0,0.0,0.0,0.0,0.0,0.0,0.0,0.0,0.0487787033283991,0.05157156657430842,0.05076153673024852,0.046775016706594424,0.0,0.0,0.0,0.0,0.05017439160431502,0.0,0.04989299156586812,0.047291883410604786,0.0,0.04691470079216308,0.054629841426470614,0.0,0.0,0.0,0.0,0.054180362882898826,0.0,0.0,0.0,0.0,0.0,0.0,0.0,0.0,0.0,0.0,0.0,0.0,0.0,0.0,0.0,0.0,0.0,0.0,0.0,0.0,0.053295726089263355,0.0,0.0,0.0,0.0,0.0,0.0,0.0,0.0,0.0,0.0,0.0,0.0,0.0,0.0,0.0,0.0,0.0,0.0,0.0,0.0,0.0,0.0,0.0,0.0,0.0,0.0,0.0,0.0,0.0,0.0
0.0,0.0,0.0,0.0,0.0,0.0,0.0,0.0,0.0,0.0,0.0,0.0,0.0,0.0,0.0,0.0,0.0,0.0,0.0,0.0,0.0,0.0,0.0,0.0,0.0,0.0,0.0,0.0,0.0,0.0,0.0,0.0,0.0,0.0,0.0,0.0,0.0,0.0,0.0,0.0,0.0,0.0,0.0,0.0,0.0,0.0,0.0,0.0,0.0,0.0,0.0,0.03839232272670231,0.0,0.0,0.038193155043021426,0.03794016321670916,0.0385766688932083,0.0,0.039279529836052096,0.0,0.0,0.03739529883758868,0.0,0.0,0.0,0.03911942674110631,0.03788801176495589,0.0,0.0,0.0,0.0,0.038045115459303,0.03997164947955393,0.03829651965705147,0.03850108306563614,0.03886104348743283,0.0,0.0,0.03713236921852679,0.0,0.0,0.0,0.0,0.038400728066441785,0.0,0.0,0.03910323492470857,0.0,0.038171396504576106,0.0,0.0,0.03776300973579535,0.0,0.0,0.0382288403241397,0.038171396504576106,0.03777641207698596,0.03793836130446589,0.0,0.03818838989284342,0.0,0.0,0.0,0.0,0.0,0.0,0.0,0.0,0.0,0.0,0.0,0.0,0.0,0.0,0.0,0.0,0.0,0.0,0.0,0.0,0.0,0.0,0.0,0.03866597068545811,0.0,0.0,0.03788801176495589,0.037812861915568034,0.0,0.0,0.0,0.0,0.0,0.03793836130446589,0.0,0.0,0.0,0.0,0.037812861915568034,0.0,0.0,0.0,0.0,0.0,0.0,0.0,0.0,0.0,0.0,0.038071489892598454
0.0,0.0,0.0,0.0,0.0,0.0,0.0,0.0,0.0,0.0,0.0,0.0,0.0,0.0,0.0,0.0,0.0,0.0,0.0,0.0,0.0,0.0,0.0,0.0,0.0,0.0,0.0,0.0,0.0,0.0,0.0,0.0,0.0,0.0,0.0,0.0,0.0,0.0,0.0,0.0,0.0,0.0,0.0,0.0,0.0,0.0,0.0,0.0,0.0,0.0,0.0,0.0,0.0,0.045961775697320295,0.0,0.039658389272793276,0.0,0.0,0.0,0.04288478093800505,0.0,0.03908884919135994,0.0,0.0,0.0,0.0,0.0396038759971661,0.04081634259840955,0.0,0.04334221730453962,0.0,0.03976809457026565,0.0,0.0,0.0,0.0,0.0,0.0,0.0,0.04240191134023751,0.044829666316444694,0.04412553087849472,0.0406601647029931,0.0,0.04064768268744096,0.0,0.0,0.0,0.03990009460470436,0.04337052977059097,0.041109461930322395,0.0,0.04078158802521733,0.0,0.039960139927771546,0.03990009460470436,0.03948722220622288,0.039656505755930924,0.04709741724530523,0.039917857585931395,0.0,0.0,0.0,0.0,0.0,0.0,0.0,0.0,0.0,0.0,0.0,0.0,0.0,0.0,0.0,0.0,0.0,0.0,0.0,0.0,0.0,0.0,0.0,0.0,0.0,0.0,0.0,0.0,0.0,0.0,0.0,0.0,0.0,0.0,0.0,0.0,0.0,0.0,0.0,0.0,0.0,0.0,0.0,0.0,0.0,0.0,0.0,0.0,0.0,0.0
0.0,0.0,0.0,0.0,0.0,0.0,0.0,0.0,0.0,0.0,0.0,0.0,0.0,0.0,0.0,0.0,0.0,0.0,0.0,0.0,0.0,0.0,0.0,0.0,0.0,0.0,0.0,0.0,0.0,0.0,0.0,0.0,0.0,0.0,0.0,0.0,0.0,0.0,0.0,0.0,0.0,0.0,0.0,0.0,0.0,0.0,0.0,0.0,0.0,0.0,0.0427985616852241,0.040240177757481586,0.041692339619845024,0.0,0.0400314239643882,0.0,0.04043339666121705,0.0,0.0411700868969228,0.0,0.0,0.0,0.0,0.03911942674110631,0.0,0.0,0.0,0.0,0.0,0.0,0.0,0.03987625911004013,0.0,0.040139763604894234,0.04035417282370397,0.04073145844567241,0.04190448908831613,0.04023072171745972,0.0,0.0,0.0,0.0,0.0,0.0,0.0,0.04007285038888061,0.040985306762084305,0.0,0.0,0.0,0.0,0.03958057539897215,0.0,0.0,0.0,0.0,0.0,0.039764366787255305,0.0,0.0,0.0,0.0,0.0,0.0,0.0,0.0,0.0,0.0,0.0,0.0,0.0,0.0,0.0,0.0,0.0,0.0,0.0,0.0,0.0,0.0,0.0,0.0,0.0,0.0,0.0,0.0,0.0,0.0,0.0,0.0,0.0,0.0,0.0,0.039764366787255305,0.0,0.0,0.0,0.0,0.0,0.0,0.0,0.0,0.0,0.0,0.0,0.0,0.0,0.0,0.0,0.0
0.0,0.0,0.0,0.0,0.0,0.0,0.0,0.0,0.0,0.0,0.0,0.0,0.0,0.0,0.0,0.0,0.0,0.0,0.0,0.0,0.0,0.0,0.0,0.0,0.0,0.0,0.0,0.0,0.0,0.0,0.0,0.0,0.0,0.0,0.0,0.0,0.0,0.0,0.0,0.0,0.0,0.0,0.0,0.0,0.0,0.0,0.0,0.0,0.0,0.0,0.0,0.03897348338945168,0.0,0.0,0.0,0.03851447935165107,0.0,0.0,0.0,0.041647808703869256,0.0,0.03796136713230659,0.0,0.03788801176495589,0.0396038759971661,0.0,0.0,0.0,0.0,0.0,0.0390608113112418,0.0386210203002812,0.0,0.03887623010862586,0.0,0.0,0.0,0.0,0.037694457437520756,0.0,0.0,0.0,0.03948735948694923,0.03898201596433785,0.039475237503705206,0.038811423210193194,0.0,0.0,0.038749212914606423,0.0,0.03992369714720311,0.038334644224328175,0.03960528046463811,0.0,0.03880752628531664,0.038749212914606423,0.038348249442368525,0.038512650163107766,0.0,0.03876646353890653,0.0,0.0,0.0,0.0,0.0,0.0,0.0,0.0,0.0,0.0,0.0,0.0,0.0,0.0,0.0,0.0,0.0,0.0,0.0,0.0,0.0,0.040948715695663676,0.0,0.0,0.0,0.0,0.0,0.0383852510374176,0.0,0.0,0.0,0.0,0.0,0.0,0.0,0.0,0.0,0.0,0.0383852510374176,0.0,0.0,0.0,0.0,0.0,0.0,0.0,0.0,0.0,0.0,0.03864779397441557
0.0,0.0,0.0,0.0,0.0,0.0,0.0,0.0,0.0,0.0,0.0,0.0,0.0,0.0,0.0,0.0,0.0,0.0,0.0,0.0,0.0,0.0,0.0,0.0,0.0,0.0,0.0,0.0,0.0,0.0,0.0,0.0,0.0,0.0,0.0,0.0,0.0,0.0,0.0,0.0,0.0,0.0,0.0,0.0,0.0,0.0,0.0,0.0,0.0,0.0,0.0,0.0,0.0,0.046002576216404197,0.0,0.03969359424135274,0.0,0.0,0.0,0.042922849992051024,0.0,0.0,0.046954682079833,0.0,0.04081634259840955,0.0,0.0,0.0,0.0,0.04338069242734423,0.0,0.039803396924816305,0.0,0.0400664199423769,0.04028043739113189,0.0,0.0,0.0,0.0,0.042439551748306686,0.044869461855853665,0.044164701353033194,0.04069625895306829,0.0,0.0,0.0,0.0,0.04365386005846124,0.03993551413640586,0.043409030026526185,0.04114595502399795,0.0,0.04081779006343822,0.0,0.039995612762033984,0.03993551413640586,0.03952227522884335,0.03969170905248219,0.0,0.039953292885928256,0.0,0.0,0.0,0.0,0.0,0.0,0.0,0.0,0.0,0.0,0.0,0.0,0.0,0.0,0.0,0.0,0.0,0.0,0.0,0.0,0.0,0.0,0.0,0.0,0.0,0.0,0.0,0.0,0.0,0.0,0.0,0.0,0.0,0.0,0.0,0.0,0.0,0.0,0.0,0.0,0.0,0.0,0.0,0.0,0.0,0.0,0.0,0.0,0.0,0.0
0.0,0.0,0.0,0.0,0.0,0.0,0.0,0.0,0.0,0.0,0.0,0.0,0.0,0.0,0.0,0.0,0.0,0.0,0.0,0.0,0.0,0.0,0.0,0.0,0.0,0.0,0.0,0.0,0.0,0.0,0.0,0.0,0.0,0.0,0.0,0.0,0.0,0.0,0.0,0.0,0.0,0.0,0.0,0.0,0.0,0.0,0.0,0.0,0.0,0.0,0.0,0.0,0.0,0.05283667163588355,0.0,0.0,0.0,0.0,0.0,0.0,0.0,0.0,0.05393022136735811,0.0,0.0,0.0,0.0,0.0,0.0,0.0,0.0,0.0,0.04803154979869284,0.0,0.0,0.0,0.0,0.0,0.0,0.0,0.05153522297108109,0.0,0.0,0.0,0.0,0.0,0.0,0.05013903262063915,0.0,0.0,0.0,0.0,0.0,0.0,0.0,0.0,0.0,0.0,0.0,0.0,0.0,0.0,0.0,0.0,0.0,0.0,0.0,0.0,0.0,0.0,0.0,0.0,0.0,0.05200975563355961,0.0,0.0,0.0,0.0,0.0,0.05325816743337281,0.0,0.0,0.0,0.0,0.0,0.0,0.0,0.0,0.0,0.0,0.0,0.0,0.0,0.0,0.04942786433232869,0.0,0.0,0.0,0.0,0.0,0.0,0.0,0.0,0.0,0.0,0.0,0.0491231542065734,0.0,0.0,0.0
0.0,0.0,0.0,0.0,0.0,0.0,0.0,0.0,0.0,0.0,0.0,0.0,0.0,0.0,0.0,0.0,0.0,0.0,0.0,0.0,0.0,0.0,0.0,0.0,0.0,0.0,0.0,0.0,0.0,0.0,0.0,0.0,0.0,0.0,0.0,0.0,0.0,0.0,0.0,0.0,0.0,0.0,0.0,0.0,0.0,0.0,0.0,0.0,0.0,0.0,0.0,0.0,0.0,0.04884939531592743,0.0,0.04214998889376165,0.0,0.050471651458463856,0.0,0.0455790836035888,0.05076492325536894,0.0,0.049860421209052534,0.0,0.04334221730453962,0.0,0.0,0.04338069242734423,0.0,0.0,0.0,0.042266586596160505,0.0,0.0,0.0,0.0,0.0,0.0,0.0,0.04506587697678816,0.047646159412870565,0.046897785577384096,0.04321470241418526,0.0,0.0,0.0,0.0,0.046355331428189143,0.04240687973684498,0.0460953503575868,0.04369222743446942,0.0,0.04334375434435798,0.050471651458463856,0.04247069750016853,0.04240687973684498,0.04196806799159658,0.0,0.050056385299953265,0.042425758704830535,0.0,0.0,0.0,0.0,0.0,0.0,0.0,0.0,0.0,0.0,0.0,0.0,0.0,0.0,0.0,0.0,0.0,0.0,0.0,0.0,0.0,0.0,0.0,0.0,0.0,0.0,0.0,0.0,0.0,0.0,0.0,0.0,0.0,0.0,0.0,0.0,0.0,0.0,0.0,0.0,0.0,0.0,0.0,0.0,0.0,0.0,0.0,0.0,0.0,0.0
0.0,0.0,0.0,0.0,0.0,0.0,0.0,0.0,0.0,0.0,0.0,0.0,0.0,0.0,0.0,0.0,0.0,0.0,0.0,0.0,0.0,0.0,0.0,0.0,0.0,0.0,0.0,0.0,0.0,0.0,0.0,0.0,0.0,0.0,0.0,0.0,0.0,0.0,0.0,0.0,0.0,0.0,0.0,0.0,0.0,0.0,0.0,0.0,0.0,0.0,0.0,0.0395807329012469,0.0,0.0,0.0,0.0,0.039770785387255196,0.0,0.0,0.0,0.0,0.03855284676546689,0.0,0.0,0.0,0.0,0.0390608113112418,0.0,0.0,0.0,0.0,0.0,0.0,0.0,0.0,0.0,0.0,0.0,0.03828177832561246,0.0,0.0,0.0,0.0,0.0,0.0400903048935658,0.03941614764708677,0.0,0.0,0.03935296804703096,0.0,0.0,0.038931939922981766,0.0,0.0,0.0,0.0,0.0,0.0,0.0,0.0,0.0,0.04051534651135677,0.0,0.03917257351765539,0.0,0.0,0.0,0.0,0.0,0.0,0.03945524216317692,0.0,0.0,0.0,0.0,0.04135929242996464,0.03940196024533244,0.0,0.0,0.0,0.0,0.041586741487876104,0.0,0.03986285146025118,0.0,0.0,0.0390608113112418,0.03898333524558764,0.0,0.0,0.0,0.0,0.0,0.0,0.0,0.0,0.0,0.038894947244306866,0.03898333524558764,0.0,0.0,0.0,0.040745233181492965,0.0,0.0,0.0,0.0,0.03930452064394018,0.04235675198994652,0.039249968888790246
0.0,0.0,0.0,0.0,0.0,0.0,0.0,0.0,0.0,0.0,0.0,0.0,0.0,0.0,0.0,0.0,0.0,0.0,0.0,0.0,0.0,0.0,0.0,0.0,0.0,0.0,0.0,0.0,0.0,0.0,0.0,0.0,0.0,0.0,0.0,0.0,0.0,0.0,0.0,0.0,0.0,0.0,0.0,0.0,0.0,0.0,0.0,0.0,0.0,0.0,0.0,0.03913508802207382,0.0,0.0,0.038932067098138345,0.03867418071126679,0.0,0.0,0.04003945967380681,0.0,0.0,0.03811877499672424,0.0,0.038045115459303,0.03976809457026565,0.03987625911004013,0.0386210203002812,0.039803396924816305,0.0,0.042266586596160505,0.0,0.0,0.040744969558245546,0.0390374314778147,0.039245952516201596,0.03961287698940307,0.0,0.0,0.03785075855346694,0.04134961635470268,0.0,0.0,0.03965109492109915,0.0,0.0,0.0,0.0,0.0,0.03890988760346826,0.04229419642723357,0.040089241867594654,0.03849359989258773,0.03976950486140109,0.0,0.038968442772191664,0.03890988760346826,0.038507261525043,0.03867234393794233,0.0,0.03892720975796172,0.0,0.0,0.0,0.0,0.0,0.0,0.0,0.0,0.0,0.0,0.0,0.0,0.0,0.0,0.0,0.0,0.0,0.0,0.0,0.0,0.0,0.0,0.0,0.0,0.0,0.0,0.0,0.0,0.0,0.0,0.0,0.0,0.0,0.0,0.0,0.0,0.0,0.0,0.0,0.0,0.0,0.0,0.0,0.0,0.0,0.0,0.0,0.0,0.0,0.0
0.0,0.0,0.0,0.0,0.0,0.0,0.0,0.0,0.0,0.0,0.0,0.0,0.0,0.0,0.0,0.0,0.0,0.0,0.0,0.0,0.0,0.0,0.0,0.0,0.0,0.0,0.0,0.0,0.0,0.0,0.0,0.0,0.0,0.0,0.0,0.0,0.0,0.0,0.0,0.0,0.0,0.0,0.0,0.0,0.0,0.0,0.0,0.0,0.0,0.0,0.0,0.0,0.0,0.0,0.04090351470285089,0.04063256942808612,0.0,0.0,0.042066983582797646,0.0,0.0,0.0,0.0,0.03997164947955393,0.0,0.0,0.0,0.0,0.04803154979869284,0.0,0.0,0.040744969558245546,0.0,0.04101421453911658,0.04123329469579082,0.04161879954315994,0.042817384839075365,0.0,0.0,0.0,0.0,0.0,0.0,0.04112581805029172,0.0,0.0,0.0,0.04468651764927531,0.0,0.0,0.0,0.0,0.04178335875983337,0.0,0.0,0.0,0.0,0.04063063964397028,0.0,0.0,0.0,0.042087701133220176,0.0,0.040692816643393054,0.0,0.0,0.0,0.0,0.043586385953040825,0.0,0.0,0.041581519695331436,0.0,0.0,0.0,0.0,0.0,0.0,0.0,0.047466453072327656,0.0,0.0,0.0,0.04140988348962334,0.0,0.0,0.04057671707257472,0.0,0.0,0.0,0.0,0.0,0.0,0.04063063964397028,0.04405268742547261,0.0,0.0,0.0,0.0,0.0,0.0,0.0,0.04232650944415221,0.0,0.0,0.0,0.04378111388883298,0.0,0.0,0.0
0.0,0.0,0.0,0.0,0.0,0.0,0.0,0.0,0.0,0.0,0.0,0.0,0.0,0.0,0.0,0.0,0.0,0.0,0.0,0.0,0.0,0.0,0.0,0.0,0.0,0.0,0.0,0.0,0.0,0.0,0.0,0.0,0.0,0.0,0.0,0.0,0.0,0.0,0.0,0.0,0.0,0.0,0.0,0.0,0.0,0.0,0.0,0.0,0.0,0.0,0.0,0.03939369481795881,0.0,0.0,0.039189332320686214,0.03892974180650636,0.0,0.0,0.040304042606886435,0.0,0.0,0.03837066594071301,0.0,0.03829651965705147,0.0,0.040139763604894234,0.03887623010862586,0.0400664199423769,0.0,0.0,0.0,0.0390374314778147,0.04101421453911658,0.0,0.03950529191070979,0.03987464104084044,0.04102299608606211,0.0,0.038100878430182374,0.0,0.0,0.0,0.039913111518713386,0.03940231939092085,0.0,0.0,0.0,0.042813797374962555,0.039167006262705785,0.0,0.04035415376412571,0.03874796769992948,0.04003230391835833,0.0,0.039225948367177424,0.039167006262705785,0.038761719609197054,0.0389278928956836,0.0,0.039184442882940804,0.0,0.0,0.0,0.0,0.0,0.0,0.0,0.0,0.0,0.0,0.0,0.0,0.0,0.0,0.0,0.0,0.0,0.0,0.0,0.0,0.0,0.0,0.0,0.0,0.0,0.0,0.0,0.0,0.0,0.0,0.0,0.0,0.0,0.0389278928956836,0.042206529675451944,0.0,0.0,0.0,0.0,0.0,0.0,0.0,0.0,0.0,0.0,0.0,0.0,0.0,0.0,0.0
0.0,0.0,0.0,0.0,0.0,0.0,0.0,0.0,0.0,0.0,0.0,0.0,0.0,0.0,0.0,0.0,0.0,0.0,0.0,0.0,0.0,0.0,0.0,0.0,0.0,0.0,0.0,0.0,0.0,0.0,0.0,0.0,0.0,0.0,0.0,0.0,0.0,0.0,0.0,0.0,0.0,0.0,0.0,0.0,0.0,0.0,0.0,0.0,0.0,0.0,0.042122063532211304,0.0396041188606883,0.041033327035379014,0.0,0.03939866474753511,0.03913768761334664,0.03979428363768779,0.0,0.04051932933291895,0.0,0.0,0.038575625406606695,0.0,0.03850108306563614,0.0,0.04035417282370397,0.0,0.04028043739113189,0.0,0.0,0.0,0.039245952516201596,0.04123329469579082,0.03950529191070979,0.0,0.04008763408982897,0.04124212314995381,0.03959481228815687,0.03830439680813276,0.0,0.0,0.0,0.04012631006031989,0.0,0.0,0.0,0.04033746993688592,0.0,0.03937621943343006,0.0,0.0,0.03895494254828145,0.040246139134100425,0.0,0.0,0.03937621943343006,0.03896876791428764,0.03913582882644367,0.0,0.039393749192532565,0.0,0.0,0.0,0.0,0.0,0.0,0.0,0.0,0.0,0.0,0.0,0.0,0.0,0.0,0.0,0.0,0.0,0.0,0.0,0.0,0.0,0.0,0.0,0.0,0.0,0.0,0.0,0.0,0.0,0.0,0.0,0.0,0.0,0.03913582882644367,0.0,0.0,0.0,0.0,0.0,0.0,0.0,0.0,0.0,0.0,0.0,0.0,0.0,0.0,0.0,0.0
0.0,0.0,0.0,0.0,0.0,0.0,0.0,0.0,0.0,0.0,0.0,0.0,0.0,0.0,0.0,0.0,0.0,0.0,0.0,0.0,0.0,0.0,0.0,0.0,0.0,0.0,0.0,0.0,0.0,0.0,0.0,0.0,0.0,0.0,0.0,0.0,0.0,0.0,0.0,0.0,0.0,0.0,0.0,0.0,0.0,0.0,0.0,0.0,0.0,0.0,0.0425158777979075,0.03997439195938727,0.0414169623134359,0.0,0.03976701698210918,0.0,0.04016633465502928,0.0,0.0408981590622731,0.0,0.0,0.03893628275146011,0.0,0.03886104348743283,0.0,0.04073145844567241,0.0,0.0,0.0,0.0,0.0,0.03961287698940307,0.04161879954315994,0.03987464104084044,0.04008763408982897,0.0,0.041627710537704435,0.0399649983763744,0.03866251833962884,0.0,0.0,0.0,0.0,0.0,0.0,0.0398081697856608,0.04071459939758029,0.0,0.0,0.0,0.0,0.0393191462650143,0.0,0.0,0.0,0.0,0.0,0.039501723713808626,0.0,0.0,0.0,0.0,0.0,0.0,0.0,0.0,0.0,0.0,0.0,0.0,0.0,0.0,0.0,0.0,0.0,0.0,0.0,0.0,0.0,0.0,0.0,0.0,0.0,0.0,0.0,0.0,0.0,0.0,0.0,0.0,0.0,0.0,0.0,0.039501723713808626,0.0,0.0,0.0,0.0,0.0,0.0,0.0,0.0,0.0,0.0,0.0,0.0,0.0,0.0,0.0,0.0
0.0,0.0,0.0,0.0,0.0,0.0,0.0,0.0,0.0,0.0,0.0,0.0,0.0,0.0,0.0,0.0,0.0,0.0,0.0,0.0,0.0,0.0,0.0,0.0,0.0,0.0,0.0,0.0,0.0,0.0,0.0,0.0,0.0,0.0,0.0,0.0,0.0,0.0,0.0,0.0,0.0,0.0,0.0,0.0,0.0,0.0,0.0,0.0,0.0,0.0,0.0437402981687705,0.04112561974446537,0.04260973487235816,0.0,0.0409122725478721,0.0,0.041323090223108816,0.0,0.042075990537955514,0.0,0.0,0.0,0.0,0.0,0.0,0.04190448908831613,0.0,0.0,0.0,0.0,0.0,0.0,0.042817384839075365,0.04102299608606211,0.04124212314995381,0.041627710537704435,0.0,0.04111595563441667,0.0,0.0,0.0,0.0,0.0,0.0,0.0,0.0,0.04188714451427497,0.04469608547245513,0.0,0.0,0.0,0.0,0.0,0.0,0.0,0.0,0.0,0.04063933906375607,0.0,0.0,0.0,0.0,0.0,0.0,0.0,0.0,0.0,0.0,0.0,0.0,0.0,0.04159042270789365,0.0,0.0,0.0,0.0,0.0,0.0,0.0,0.0,0.0,0.0,0.0,0.04141874975318487,0.0,0.0,0.0,0.0,0.0,0.0462023464832911,0.0,0.0,0.0,0.04063933906375607,0.04406211953936412,0.0,0.0,0.0,0.0,0.0,0.0,0.0,0.0,0.0,0.0,0.0,0.0,0.0,0.0,0.0
0.0,0.0,0.0,0.0,0.0,0.0,0.0,0.0,0.0,0.0,0.0,0.0,0.0,0.0,0.0,0.0,0.0,0.0,0.0,0.0,0.0,0.0,0.0,0.0,0.0,0.0,0.0,0.0,0.0,0.0,0.0,0.0,0.0,0.0,0.0,0.0,0.0,0.0,0.0,0.0,0.0,0.0,0.0,0.0,0.0,0.0,0.0,0.0,0.0,0.0,0.04199320411132664,0.039482962312478526,0.04090779826695326,0.0,0.03927813672261739,0.0,0.03967254533917943,0.0,0.04039537298143389,0.0,0.0,0.0,0.0,0.0,0.0,0.04023072171745972,0.0,0.0,0.0,0.0,0.0,0.0,0.0,0.0,0.03959481228815687,0.0399649983763744,0.04111595563441667,0.0,0.0,0.0,0.0,0.0,0.0,0.0,0.0,0.0,0.04021406992795604,0.0,0.0,0.0,0.0,0.0,0.0,0.0,0.0,0.0,0.0,0.0,0.0,0.0,0.0,0.0,0.0,0.03907581114627765,0.0,0.0,0.0,0.0,0.0,0.0,0.039357781556120526,0.03992919991331703,0.04149448595409814,0.0,0.0,0.0,0.039304631252930364,0.0,0.0,0.0,0.0,0.0,0.0,0.03976438399460372,0.0,0.0,0.03896432500995984,0.03888704032228177,0.03995703484169808,0.04435691221877225,0.0,0.0,0.0,0.03901610486670556,0.0,0.0,0.0,0.038798870653161406,0.03888704032228177,0.0419658623554773,0.0,0.0,0.0,0.0,0.0,0.0,0.0,0.03920743234256374,0.0,0.03915301533876449
0.0,0.0,0.0,0.0,0.0,0.0,0.0,0.0,0.0,0.0,0.0,0.0,0.0,0.0,0.0,0.0,0.0,0.0,0.0,0.0,0.0,0.0,0.0,0.0,0.0,0.0,0.0,0.0,0.0,0.0,0.0,0.0,0.0,0.0,0.0,0.0,0.0,0.0,0.0,0.0,0.0,0.0,0.0,0.0,0.0,0.0,0.0,0.0,0.0,0.0,0.0,0.03819619208120582,0.0,0.0,0.037998041863611595,0.037746342468876155,0.03837959649868327,0.0,0.03907886681296844,0.0,0.0,0.03720426157860958,0.0,0.03713236921852679,0.0,0.0,0.037694457437520756,0.0,0.0,0.0,0.03828177832561246,0.03785075855346694,0.0,0.038100878430182374,0.03830439680813276,0.03866251833962884,0.0,0.0,0.0,0.0,0.0,0.0,0.03869981937902312,0.038204554481508675,0.03868793915790541,0.0,0.0,0.0,0.03797639448062359,0.0,0.0,0.03757009399250742,0.0,0.0,0.038033544843250736,0.03797639448062359,0.03758342786662852,0.0377445497618642,0.0,0.03799330105663332,0.0,0.0,0.0,0.0,0.0,0.0,0.0,0.0,0.0,0.0,0.0,0.0,0.0,0.0,0.0,0.0,0.0,0.0,0.0,0.0,0.0,0.0,0.0,0.038468442084668014,0.0,0.0,0.037694457437520756,0.03761969149792066,0.0,0.0,0.0,0.0,0.0,0.0377445497618642,0.0,0.0,0.0,0.0,0.03761969149792066,0.0,0.0,0.0,0.0,0.0,0.0,0.0,0.0,0.0,0.0,0.03787699825058965
0.0,0.0,0.0,0.0,0.0,0.0,0.0,0.0,0.0,0.0,0.0,0.0,0.0,0.0,0.0,0.0,0.0,0.0,0.0,0.0,0.0,0.0,0.0,0.0,0.0,0.0,0.0,0.0,0.0,0.0,0.0,0.0,0.0,0.0,0.0,0.0,0.0,0.0,0.0,0.0,0.0,0.0,0.0,0.0,0.0,0.0,0.0,0.0,0.0,0.0,0.0,0.0,0.0,0.04778961156177909,0.0,0.041235548230202874,0.0,0.04937667298606346,0.0,0.04459024900247139,0.0,0.0,0.0487787033283991,0.0,0.04240191134023751,0.0,0.0,0.042439551748306686,0.0,0.04506587697678816,0.0,0.04134961635470268,0.0,0.0,0.0,0.0,0.0,0.0,0.0,0.0,0.04661247976613688,0.04588034184161203,0.042277162875308395,0.0,0.0,0.0,0.0,0.0,0.04148686584683523,0.04509531539021806,0.04274432802817918,0.0,0.04240341503409901,0.04937667298606346,0.041549299088848766,0.04148686584683523,0.04105757408757102,0.0,0.048970415993901624,0.04150533523710878,0.0,0.0,0.0,0.0,0.0,0.0,0.0,0.0,0.0,0.0,0.0,0.0,0.0,0.0,0.0,0.0,0.0,0.0,0.0,0.0,0.0,0.0,0.0,0.0,0.0,0.0,0.0,0.0,0.0,0.0,0.0,0.0,0.0,0.0,0.0,0.0,0.0,0.0,0.0,0.0,0.0,0.0,0.0,0.0,0.0,0.0,0.0,0.0,0.0,0.0
0.0,0.0,0.0,0.0,0.0,0.0,0.0,0.0,0.0,0.0,0.0,0.0,0.0,0.0,0.0,0.0,0.0,0.0,0.0,0.0,0.0,0.0,0.0,0.0,0.0,0.0,0.0,0.0,0.0,0.0,0.0,0.0,0.0,0.0,0.0,0.0,0.0,0.0,0.0,0.0,0.0,0.0,0.0,0.0,0.0,0.0,0.0,0.0,0.0,0.0,0.0,0.0,0.0,0.05052584357616045,0.0,0.04359652216388277,0.0,0.052203773457751755,0.0,0.047143298982634405,0.052507109964578365,0.0,0.05157156657430842,0.0,0.044829666316444694,0.0,0.0,0.044869461855853665,0.05153522297108109,0.047646159412870565,0.0,0.0,0.0,0.0,0.0,0.0,0.0,0.0,0.0,0.04661247976613688,0.0,0.04850725710781985,0.04469777527947264,0.0,0.0,0.0,0.0,0.047946186631671564,0.0,0.04767728334594893,0.045191688342726334,0.0,0.04483125610548774,0.052203773457751755,0.043928237076135926,0.043862229169462516,0.04340835797092644,0.0,0.05177425590013036,0.04388175603928656,0.0,0.0,0.0,0.0,0.0,0.0,0.0,0.0,0.0,0.0,0.0,0.0,0.0,0.0,0.0,0.0,0.0,0.0,0.0,0.05092890512550846,0.0,0.0,0.0,0.0,0.0,0.0,0.0,0.0,0.0,0.0,0.0,0.0,0.0,0.0,0.0,0.0,0.0,0.0,0.0,0.0,0.0,0.0,0.0,0.0,0.0,0.0,0.0,0.0,0.0,0.0
0.0,0.0,0.0,0.0,0.0,0.0,0.0,0.0,0.0,0.0,0.0,0.0,0.0,0.0,0.0,0.0,0.0,0.0,0.0,0.0,0.0,0.0,0.0,0.0,0.0,0.0,0.0,0.0,0.0,0.0,0.0,0.0,0.0,0.0,0.0,0.0,0.0,0.0,0.0,0.0,0.0,0.0,0.0,0.0,0.0,0.0,0.0,0.0,0.0,0.0,0.0,0.0,0.0,0.04973223880687307,0.0,0.0,0.0,0.05138381359842905,0.0,0.04640282352958899,0.051682385626694236,0.0,0.05076153673024852,0.0,0.04412553087849472,0.0,0.0,0.044164701353033194,0.0,0.046897785577384096,0.0,0.0,0.0,0.0,0.0,0.0,0.0,0.0,0.0,0.04588034184161203,0.04850725710781985,0.0,0.043995711441887124,0.0,0.0,0.0,0.0,0.0,0.0,0.046928420649713545,0.044481866658168494,0.0,0.044127095696867756,0.05138381359842905,0.043238260304200214,0.0,0.0,0.0,0.05096104243350681,0.04319250934071359,0.0,0.0,0.0,0.0,0.0,0.0,0.0,0.0,0.0,0.0,0.0,0.0,0.0,0.0,0.0,0.0,0.0,0.0,0.0,0.0,0.0,0.0,0.0,0.0,0.0,0.0,0.0,0.0,0.0,0.0,0.0,0.0,0.0,0.0,0.0,0.0,0.0,0.0,0.0,0.0,0.0,0.0,0.0,0.0,0.0,0.0,0.0,0.0,0.0,0.0
0.0,0.0,0.0,0.0,0.0,0.0,0.0,0.0,0.0,0.0,0.0,0.0,0.0,0.0,0.0,0.0,0.0,0.0,0.0,0.0,0.0,0.0,0.0,0.0,0.0,0.0,0.0,0.0,0.0,0.0,0.0,0.0,0.0,0.0,0.0,0.0,0.0,0.0,0.0,0.0,0.0,0.0,0.0,0.0,0.0,0.0,0.0,0.0,0.0,0.0,0.0,0.0,0.0,0.0458265539400356,0.0,0.03954171238189455,0.0,0.0,0.0,0.042758611847467834,0.0,0.03897384791480568,0.046775016706594424,0.0,0.0406601647029931,0.0,0.03948735948694923,0.04069625895306829,0.0,0.04321470241418526,0.0,0.03965109492109915,0.0,0.039913111518713386,0.04012631006031989,0.0,0.0,0.0,0.03869981937902312,0.042277162875308395,0.04469777527947264,0.043995711441887124,0.0,0.0,0.040528095247679204,0.0,0.0,0.043486824808443514,0.03978270660508039,0.04324293158359817,0.04098851591379216,0.0,0.04066160662950393,0.0,0.03984257527191577,0.03978270660508039,0.03937104889707616,0.039539834406429504,0.0,0.03980041732676132,0.0,0.0,0.0,0.0,0.0,0.0,0.0,0.0,0.0,0.0,0.0,0.0,0.0,0.0,0.0,0.0,0.0,0.0,0.0,0.0,0.0,0.0,0.0,0.0,0.0,0.0,0.0,0.0,0.0,0.0,0.0,0.0,0.0,0.0,0.0,0.0,0.0,0.0,0.0,0.0,0.0,0.0,0.0,0.0,0.0,0.0,0.0,0.0,0.0,0.0
0.0,0.0,0.0,0.0,0.0,0.0,0.0,0.0,0.0,0.0,0.0,0.0,0.0,0.0,0.0,0.0,0.0,0.0,0.0,0.0,0.0,0.0,0.0,0.0,0.0,0.0,0.0,0.0,0.0,0.0,0.0,0.0,0.0,0.0,0.0,0.0,0.0,0.0,0.0,0.0,0.0,0.0,0.0,0.0,0.0,0.0,0.0,0.0,0.0,0.0,0.0,0.0,0.0,0.0,0.03929597015678147,0.039035673272549774,0.0,0.0,0.0,0.0,0.0,0.0384750761090713,0.0,0.038400728066441785,0.0,0.0,0.03898201596433785,0.0,0.0,0.0,0.0,0.0,0.04112581805029172,0.03940231939092085,0.0,0.0,0.0,0.0,0.038204554481508675,0.0,0.0,0.0,0.0,0.0,0.0,0.0,0.0,0.0,0.0,0.0,0.0,0.03885340454163928,0.0,0.0,0.03933268583895752,0.0,0.03886719387113731,0.03903381933066786,0.0,0.0,0.0,0.040433617006102554,0.0,0.03909355271865433,0.0,0.0,0.0,0.0,0.0,0.0,0.0,0.03994732894939904,0.0,0.044532057699377375,0.0,0.0,0.03932247671639373,0.0,0.0,0.045600979205057214,0.0,0.041502850713154814,0.0,0.03978243819939075,0.0,0.0,0.03898201596433785,0.03890469618712894,0.0,0.0,0.0,0.0,0.0,0.03903381933066786,0.04232137758755338,0.0,0.0,0.03881648648637468,0.03890469618712894,0.0,0.0,0.0,0.04066303993779313,0.0,0.0,0.0,0.04206047713269788,0.0,0.0,0.0391707919641248
0.0,0.0,0.0,0.0,0.0,0.0,0.0,0.0,0.0,0.0,0.0,0.0,0.0,0.0,0.0,0.0,0.0,0.0,0.0,0.0,0.0,0.0,0.0,0.0,0.0,0.0,0.0,0.0,0.0,0.0,0.0,0.0,0.0,0.0,0.0,0.0,0.0,0.0,0.0,0.0,0.0,0.0,0.0,0.0,0.0,0.0,0.0,0.0,0.0,0.0,0.0,0.0,0.0,0.0,0.0,0.03952957371318737,0.0,0.0,0.0,0.04274548564244711,0.0,0.03896188357134193,0.0,0.0,0.04064768268744096,0.0,0.039475237503705206,0.0,0.0,0.0,0.0400903048935658,0.0,0.0,0.0,0.0,0.0,0.0,0.0,0.03868793915790541,0.0,0.0,0.0,0.040528095247679204,0.0,0.0,0.03983434387605902,0.0,0.0,0.03977049395502897,0.04322965670022056,0.04097593309970786,0.039344998819760287,0.0,0.0,0.03983034424314808,0.03977049395502897,0.03935896261930953,0.0,0.0,0.03978819923980365,0.0,0.040945204986575,0.0,0.0,0.0,0.0,0.0,0.0,0.0,0.0,0.0,0.0,0.0,0.0,0.0,0.0,0.0,0.0,0.0,0.0,0.0,0.04202796721650864,0.0,0.0,0.0,0.0,0.0,0.0,0.0,0.0,0.0,0.0,0.0,0.0,0.0,0.0,0.0,0.0,0.039396939434876564,0.0,0.0,0.0,0.04117753070122165,0.0,0.0,0.0,0.0,0.0,0.0,0.03966640199949236
0.0,0.0,0.0,0.0,0.0,0.0,0.0,0.0,0.0,0.0,0.0,0.0,0.0,0.0,0.0,0.0,0.0,0.0,0.0,0.0,0.0,0.0,0.0,0.0,0.0,0.0,0.0,0.0,0.0,0.0,0.0,0.0,0.0,0.0,0.0,0.0,0.0,0.0,0.0,0.0,0.0,0.0,0.0,0.0,0.0,0.0,0.0,0.0,0.0,0.0,0.0,0.039328025302889535,0.0,0.0,0.0,0.0,0.03951686437762976,0.0,0.0,0.0,0.0,0.03830670182064619,0.0,0.0,0.0,0.04007285038888061,0.038811423210193194,0.0,0.0,0.0,0.03941614764708677,0.0,0.0,0.0,0.0,0.0398081697856608,0.0,0.0,0.0,0.0,0.0,0.0,0.0,0.0,0.03983434387605902,0.0,0.040056263943472684,0.0,0.03910171463875751,0.0,0.0,0.038683374615667315,0.0,0.0,0.0,0.03910171463875751,0.0,0.0,0.0,0.0,0.0,0.0,0.0,0.0,0.0,0.0,0.0,0.0,0.0,0.0,0.0,0.0,0.0,0.0,0.0,0.0,0.0,0.0,0.0,0.0,0.0,0.0,0.0,0.0,0.0,0.0,0.0,0.03873444179911076,0.0,0.0,0.0,0.0,0.0,0.0,0.0,0.0,0.0,0.0,0.03873444179911076,0.0,0.0,0.0,0.0,0.0,0.0,0.0,0.0,0.0,0.0,0.03899937309011632
0.0,0.0,0.0,0.0,0.0,0.0,0.0,0.0,0.0,0.0,0.0,0.0,0.0,0.0,0.0,0.0,0.0,0.0,0.0,0.0,0.0,0.0,0.0,0.0,0.0,0.0,0.0,0.0,0.0,0.0,0.0,0.0,0.0,0.0,0.0,0.0,0.0,0.0,0.0,0.0,0.0,0.0,0.0,0.0,0.0,0.0,0.0,0.0,0.0,0.0,0.04278084704800612,0.04022352205405389,0.041675082856018085,0.0,0.04001485466567989,0.0,0.040416660983074115,0.0,0.041153046297311625,0.0,0.0,0.0,0.0,0.03910323492470857,0.0,0.040985306762084305,0.0,0.0,0.0,0.0,0.0,0.0,0.0,0.0,0.04033746993688592,0.04071459939758029,0.04188714451427497,0.04021406992795604,0.0,0.0,0.0,0.0,0.0,0.0,0.0,0.040056263943472684,0.0,0.0,0.0,0.0,0.0,0.03956419270977738,0.0,0.0,0.0,0.0,0.0,0.0397479080254628,0.0,0.0,0.0,0.0,0.0,0.0,0.0,0.0,0.0,0.0,0.0,0.0,0.040095993352578574,0.0,0.0,0.0,0.0,0.0,0.040041846139012655,0.0,0.0,0.0,0.0,0.0,0.0,0.0,0.0,0.0,0.03969515696303532,0.03961642268989095,0.0,0.0451888899004325,0.0,0.0,0.0,0.0397479080254628,0.0,0.0,0.0,0.03952659927182284,0.0,0.0,0.0,0.0,0.0,0.0,0.0,0.0,0.0,0.0,0.0,0.0
0.0,0.0,0.0,0.0,0.0,0.0,0.0,0.0,0.0,0.0,0.0,0.0,0.0,0.0,0.0,0.0,0.0,0.0,0.0,0.0,0.0,0.0,0.0,0.0,0.0,0.0,0.0,0.0,0.0,0.0,0.0,0.0,0.0,0.0,0.0,0.0,0.0,0.0,0.0,0.0,0.0,0.0,0.0,0.0,0.0,0.0,0.0,0.0,0.0,0.0,0.0,0.0,0.0,0.04915699929487036,0.0,0.0,0.0,0.0,0.04391275882101942,0.0,0.0,0.0,0.05017439160431502,0.0,0.0,0.0,0.0,0.04365386005846124,0.05013903262063915,0.046355331428189143,0.0,0.0,0.04468651764927531,0.042813797374962555,0.0,0.0,0.04469608547245513,0.0,0.0,0.0,0.047946186631671564,0.0,0.043486824808443514,0.0,0.0,0.0,0.0,0.0,0.0,0.04638561215282624,0.04396735679729574,0.0,0.04361668937686804,0.0,0.0,0.0,0.0,0.0,0.0,0.0,0.0,0.0,0.0,0.0,0.0,0.0,0.0,0.0,0.0,0.0,0.0,0.0,0.0,0.0,0.0,0.0,0.0,0.0,0.0,0.04954914111566399,0.0,0.0,0.0,0.0,0.0,0.0,0.0,0.0,0.0,0.0,0.0,0.0,0.0,0.0,0.04598558949502608,0.0,0.0,0.0,0.0,0.0,0.0,0.0,0.0,0.0,0.0,0.0,0.0,0.0,0.0,0.0
0.0,0.0,0.0,0.0,0.0,0.0,0.0,0.0,0.0,0.0,0.0,0.0,0.0,0.0,0.0,0.0,0.0,0.0,0.0,0.0,0.0,0.0,0.0,0.0,0.0,0.0,0.0,0.0,0.0,0.0,0.0,0.0,0.0,0.0,0.0,0.0,0.0,0.0,0.0,0.0,0.0,0.0,0.0,0.0,0.0,0.0,0.0,0.0,0.0,0.0,0.0,0.0,0.0,0.0,0.0,0.038802549778000836,0.0,0.0,0.0,0.04195931497921873,0.0,0.03824530053602154,0.0,0.038171396504576106,0.03990009460470436,0.0,0.038749212914606423,0.03993551413640586,0.0,0.04240687973684498,0.03935296804703096,0.03890988760346826,0.0,0.039167006262705785,0.03937621943343006,0.0,0.0,0.0,0.03797639448062359,0.04148686584683523,0.0,0.0,0.03978270660508039,0.0,0.03977049395502897,0.03910171463875751,0.0,0.0,0.0,0.042434581211701634,0.0402223078684762,0.03862136956740868,0.03990150957694107,0.0,0.03909778856669192,0.039039039039039033,0.038635076546164146,0.03880070690797638,0.0,0.039056418690000816,0.0,0.0,0.0,0.0,0.0,0.0,0.0,0.0,0.0,0.0,0.0,0.0,0.0,0.0,0.0,0.0,0.0,0.0,0.0,0.0,0.0,0.0,0.0,0.0,0.0,0.0,0.0,0.0,0.0,0.0,0.0,0.0,0.0,0.0,0.0,0.0,0.0,0.0,0.0,0.0,0.0,0.0,0.0,0.0,0.0,0.0,0.0,0.0,0.0,0.0
0.0,0.0,0.0,0.0,0.0,0.0,0.0,0.0,0.0,0.0,0.0,0.0,0.0,0.0,0.0,0.0,0.0,0.0,0.0,0.0,0.0,0.0,0.0,0.0,0.0,0.0,0.0,0.0,0.0,0.0,0.0,0.0,0.0,0.0,0.0,0.0,0.0,0.0,0.0,0.0,0.0,0.0,0.0,0.0,0.0,0.0,0.0,0.0,0.0,0.0,0.0,0.0,0.0,0.04888130523961207,0.0,0.042177522559638365,0.0,0.050504621089630455,0.0,0.04560885725933214,0.0,0.0,0.04989299156586812,0.0,0.04337052977059097,0.0,0.0,0.043409030026526185,0.0,0.0460953503575868,0.0,0.04229419642723357,0.0,0.0,0.0,0.0,0.0,0.0,0.0,0.04509531539021806,0.04767728334594893,0.046928420649713545,0.04324293158359817,0.0,0.04322965670022056,0.0,0.0,0.04638561215282624,0.042434581211701634,0.0,0.0437207685378757,0.0,0.04337206781445089,0.050504621089630455,0.04249844066274607,0.042434581211701634,0.04199548282115881,0.0,0.050089083666525064,0.04245347251200827,0.0,0.0,0.0,0.0,0.0,0.0,0.051898531689347646,0.0,0.0,0.0,0.0,0.0,0.0,0.0,0.0,0.0,0.0,0.0,0.0,0.0,0.0,0.0,0.0,0.0,0.0,0.0,0.0,0.0,0.0,0.0,0.0,0.0,0.0,0.0,0.0,0.0,0.0,0.0,0.0,0.0,0.0,0.0,0.0,0.0,0.0,0.0,0.0,0.0,0.0,0.0
0.0,0.0,0.0,0.0,0.0,0.0,0.0,0.0,0.0,0.0,0.0,0.0,0.0,0.0,0.0,0.0,0.0,0.0,0.0,0.0,0.0,0.0,0.0,0.0,0.0,0.0,0.0,0.0,0.0,0.0,0.0,0.0,0.0,0.0,0.0,0.0,0.0,0.0,0.0,0.0,0.0,0.0,0.0,0.0,0.0,0.0,0.0,0.0,0.0,0.0,0.0,0.0,0.0,0.04633294007431996,0.0,0.039978650644855646,0.0,0.0,0.0,0.04323109703998607,0.0,0.0,0.047291883410604786,0.0,0.041109461930322395,0.0,0.03992369714720311,0.04114595502399795,0.0,0.04369222743446942,0.0,0.040089241867594654,0.0,0.04035415376412571,0.0,0.0,0.0,0.0,0.0,0.04274432802817918,0.045191688342726334,0.044481866658168494,0.04098851591379216,0.0,0.04097593309970786,0.0,0.0,0.04396735679729574,0.0402223078684762,0.0437207685378757,0.0,0.0,0.04111091979020654,0.0,0.04028283808762475,0.0402223078684762,0.03980610131842556,0.0,0.0,0.0402402142946803,0.0,0.0,0.0,0.0,0.0,0.0,0.0,0.0,0.0,0.0,0.0,0.0,0.0,0.0,0.0,0.0,0.0,0.0,0.0,0.0,0.0,0.0,0.0,0.0,0.0,0.0,0.0,0.0,0.0,0.0,0.0,0.0,0.0,0.0,0.0,0.0,0.0,0.0,0.0,0.0,0.0,0.0,0.0,0.0,0.0,0.0,0.0,0.0,0.0,0.0
0.0,0.0,0.0,0.0,0.0,0.0,0.0,0.0,0.0,0.0,0.0,0.0,0.0,0.0,0.0,0.0,0.0,0.0,0.0,0.0,0.0,0.0,0.0,0.0,0.0,0.0,0.0,0.0,0.0,0.0,0.0,0.0,0.0,0.0,0.0,0.0,0.0,0.0,0.0,0.0,0.0,0.0,0.0,0.0,0.0,0.0,0.0,0.0,0.0,0.0,0.0,0.038844900117852244,0.0,0.0,0.03864338460043066,0.03838741044920021,0.03903141939869934,0.0,0.0397425658254436,0.0,0.0,0.03783612308543803,0.0,0.03776300973579535,0.0,0.03958057539897215,0.038334644224328175,0.0,0.0,0.0,0.038931939922981766,0.03849359989258773,0.0,0.03874796769992948,0.03895494254828145,0.0393191462650143,0.0,0.0,0.03757009399250742,0.0,0.0,0.0,0.0,0.03885340454163928,0.039344998819760287,0.038683374615667315,0.03956419270977738,0.0,0.03862136956740868,0.0,0.0,0.0,0.0,0.0,0.0,0.03862136956740868,0.038221728973973704,0.038385587295607516,0.0,0.03863856327758367,0.0,0.0,0.0,0.0,0.0,0.0,0.0,0.0,0.0,0.0,0.0,0.0,0.0,0.0,0.0,0.0,0.0,0.0,0.0,0.0,0.0,0.0,0.0,0.0,0.0,0.0,0.038334644224328175,0.038258608491504115,0.0,0.0,0.0,0.0,0.0,0.038385587295607516,0.0,0.0,0.0,0.0,0.038258608491504115,0.0,0.0,0.0,0.0,0.0,0.0,0.0,0.0,0.0,0.0,0.038520285233673235
0.0,0.0,0.0,0.0,0.0,0.0,0.0,0.0,0.0,0.0,0.0,0.0,0.0,0.0,0.0,0.0,0.0,0.0,0.0,0.0,0.0,0.0,0.0,0.0,0.0,0.0,0.0,0.0,0.0,0.0,0.0,0.0,0.0,0.0,0.0,0.0,0.0,0.0,0.0,0.0,0.0,0.0,0.0,0.0,0.0,0.0,0.0,0.0,0.0,0.0,0.0,0.0,0.0,0.045963405634221605,0.0,0.039659795673463,0.0,0.0,0.0,0.04288630175581279,0.0,0.0,0.04691470079216308,0.0,0.04078158802521733,0.0,0.03960528046463811,0.04081779006343822,0.0,0.04334375434435798,0.0,0.03976950486140109,0.04178335875983337,0.04003230391835833,0.040246139134100425,0.0,0.0,0.0,0.0,0.04240341503409901,0.04483125610548774,0.044127095696867756,0.04066160662950393,0.0,0.0,0.0,0.0,0.04361668937686804,0.03990150957694107,0.04337206781445089,0.04111091979020654,0.0,0.0,0.0,0.039961557029388306,0.03990150957694107,0.039488622536815586,0.039657912089805715,0.0,0.03991927318809457,0.0,0.0,0.0,0.0,0.0,0.0,0.0,0.0,0.0,0.0,0.0,0.0,0.0,0.0,0.0,0.0,0.0,0.0,0.0,0.0,0.0,0.0,0.0,0.0,0.0,0.0,0.0,0.0,0.0,0.0,0.0,0.0,0.0,0.0,0.0,0.0,0.0,0.0,0.0,0.0,0.0,0.0,0.0,0.0,0.0,0.0,0.0,0.0,0.0,0.0
0.0,0.0,0.0,0.0,0.0,0.0,0.0,0.0,0.0,0.0,0.0,0.0,0.0,0.0,0.0,0.0,0.0,0.0,0.0,0.0,0.0,0.0,0.0,0.0,0.0,0.0,0.0,0.0,0.0,0.0,0.0,0.0,0.0,0.0,0.0,0.0,0.0,0.0,0.0,0.0,0.0,0.0,0.0,0.0,0.0,0.0,0.0,0.0,0.0,0.0,0.0,0.0,0.0,0.053522105413012055,0.0,0.0,0.0,0.055299539170506916,0.0,0.049938970615351096,0.05562086400834989,0.0,0.054629841426470614,0.0,0.0,0.0,0.0,0.0,0.0,0.050471651458463856,0.0,0.0,0.0,0.0,0.0,0.0,0.0,0.0,0.0,0.04937667298606346,0.052203773457751755,0.05138381359842905,0.0,0.0,0.0,0.0,0.0,0.0,0.0,0.050504621089630455,0.0,0.0,0.0,0.0,0.0,0.0,0.0,0.0,0.05484455054748473,0.0,0.0,0.0,0.0,0.0,0.0,0.0,0.05682578790074582,0.0,0.0,0.0,0.0,0.0,0.0,0.0,0.0,0.0,0.0,0.0,0.0,0.0,0.0,0.0,0.0,0.0,0.0,0.0,0.0,0.0,0.0,0.0,0.0,0.0,0.0,0.0,0.0,0.0,0.0,0.0,0.0,0.0,0.0,0.0,0.0,0.0,0.0,0.0,0.0,0.0,0.0,0.0
0.0,0.0,0.0,0.0,0.0,0.0,0.0,0.0,0.0,0.0,0.0,0.0,0.0,0.0,0.0,0.0,0.0,0.0,0.0,0.0,0.0,0.0,0.0,0.0,0.0,0.0,0.0,0.0,0.0,0.0,0.0,0.0,0.0,0.0,0.0,0.0,0.0,0.0,0.0,0.0,0.0,0.0,0.0,0.0,0.0,0.0,0.0,0.0,0.0,0.0,0.0,0.0,0.0,0.04503758214527328,0.0,0.038860943414916575,0.0,0.0,0.0,0.04202245920603238,0.0,0.03830285557315212,0.0,0.0382288403241397,0.039960139927771546,0.0,0.03880752628531664,0.039995612762033984,0.0,0.04247069750016853,0.0,0.038968442772191664,0.0,0.039225948367177424,0.0,0.0,0.0,0.0,0.038033544843250736,0.041549299088848766,0.043928237076135926,0.043238260304200214,0.03984257527191577,0.03933268583895752,0.03983034424314808,0.0,0.0,0.0,0.03909778856669192,0.04249844066274607,0.04028283808762475,0.0,0.039961557029388306,0.0,0.0,0.03909778856669192,0.038693218153995484,0.038859097771572225,0.0,0.03911519437214699,0.0,0.0,0.0,0.0,0.0,0.0,0.0,0.0,0.0,0.0,0.0,0.0,0.0,0.0,0.0,0.0,0.0,0.0,0.0,0.0,0.0,0.0,0.0,0.0,0.0,0.0,0.0,0.0,0.0,0.0,0.0,0.0,0.0,0.0,0.0,0.0,0.0,0.0,0.0,0.0,0.0,0.0,0.0,0.0,0.0,0.0,0.0,0.0,0.0,0.0
0.0,0.0,0.0,0.0,0.0,0.0,0.0,0.0,0.0,0.0,0.0,0.0,0.0,0.0,0.0,0.0,0.0,0.0,0.0,0.0,0.0,0.0,0.0,0.0,0.0,0.0,0.0,0.0,0.0,0.0,0.0,0.0,0.0,0.0,0.0,0.0,0.0,0.0,0.0,0.0,0.0,0.0,0.0,0.0,0.0,0.0,0.0,0.0,0.0,0.0,0.0,0.0,0.0,0.0,0.0,0.038802549778000836,0.0,0.0,0.0,0.04195931497921873,0.0,0.03824530053602154,0.0,0.038171396504576106,0.03990009460470436,0.0,0.038749212914606423,0.03993551413640586,0.0,0.04240687973684498,0.0,0.03890988760346826,0.0,0.039167006262705785,0.03937621943343006,0.0,0.0,0.0,0.03797639448062359,0.04148686584683523,0.043862229169462516,0.0,0.03978270660508039,0.0,0.03977049395502897,0.03910171463875751,0.0,0.0,0.039039039039039033,0.042434581211701634,0.0402223078684762,0.03862136956740868,0.03990150957694107,0.0,0.03909778856669192,0.0,0.038635076546164146,0.03880070690797638,0.0,0.039056418690000816,0.0,0.0,0.0,0.0,0.0,0.0,0.0,0.0,0.0,0.0,0.0,0.0,0.0,0.0,0.0,0.0,0.0,0.0,0.0,0.0,0.0,0.0,0.0,0.0,0.0,0.0,0.0,0.0,0.0,0.0,0.0,0.0,0.0,0.0,0.0,0.0,0.0,0.0,0.0,0.0,0.0,0.0,0.0,0.0,0.0,0.0,0.0,0.0,0.0,0.0
0.0,0.0,0.0,0.0,0.0,0.0,0.0,0.0,0.0,0.0,0.0,0.0,0.0,0.0,0.0,0.0,0.0,0.0,0.0,0.0,0.0,0.0,0.0,0.0,0.0,0.0,0.0,0.0,0.0,0.0,0.0,0.0,0.0,0.0,0.0,0.0,0.0,0.0,0.0,0.0,0.0,0.0,0.0,0.0,0.0,0.0,0.0,0.0,0.0,0.0,0.0,0.0,0.0,0.0,0.0,0.038401034394321736,0.0,0.0,0.0,0.04152513447950465,0.0,0.03784955137503859,0.0,0.03777641207698596,0.03948722220622288,0.0,0.038348249442368525,0.03952227522884335,0.0,0.04196806799159658,0.0,0.038507261525043,0.0,0.038761719609197054,0.03896876791428764,0.0,0.0,0.0,0.03758342786662852,0.04105757408757102,0.04340835797092644,0.0,0.03937104889707616,0.03886719387113731,0.03935896261930953,0.0,0.0,0.0,0.038635076546164146,0.04199548282115881,0.03980610131842556,0.038221728973973704,0.039488622536815586,0.0,0.038693218153995484,0.038635076546164146,0.0,0.03839921059367981,0.0,0.03865227635850027,0.0,0.0,0.0,0.0,0.0,0.0,0.0,0.0,0.0,0.0,0.0,0.0,0.0,0.0,0.0,0.0,0.0,0.0,0.0,0.0,0.0,0.0,0.0,0.0,0.0,0.0,0.0,0.0,0.0,0.0,0.0,0.0,0.0,0.0,0.0,0.0,0.0,0.0,0.0,0.0,0.0,0.0,0.0,0.0,0.0,0.0,0.0,0.0,0.0,0.0
0.0,0.0,0.0,0.0,0.0,0.0,0.0,0.0,0.0,0.0,0.0,0.0,0.0,0.0,0.0,0.0,0.0,0.0,0.0,0.0,0.0,0.0,0.0,0.0,0.0,0.0,0.0,0.0,0.0,0.0,0.0,0.0,0.0,0.0,0.0,0.0,0.0,0.0,0.0,0.0,0.0,0.0,0.0,0.0,0.0,0.0,0.0,0.0,0.0,0.0,0.0,0.03902527541680674,0.0,0.0,0.038822824167240436,0.038565661406593746,0.03921266079515806,0.0,0.03992710941212382,0.0,0.0,0.03801181415407535,0.0,0.03793836130446589,0.039656505755930924,0.039764366787255305,0.038512650163107766,0.03969170905248219,0.0,0.0,0.0,0.03867234393794233,0.04063063964397028,0.0389278928956836,0.03913582882644367,0.039501723713808626,0.04063933906375607,0.0,0.0377445497618642,0.0,0.0,0.0,0.039539834406429504,0.03903381933066786,0.0,0.0,0.0397479080254628,0.0,0.03880070690797638,0.0,0.0,0.038385587295607516,0.039657912089805715,0.0,0.038859097771572225,0.03880070690797638,0.03839921059367981,0.0,0.0,0.038817980456704274,0.0,0.0,0.0,0.0,0.0,0.0,0.0,0.0,0.0,0.0,0.0,0.0,0.0,0.0,0.0,0.0,0.0,0.0,0.0,0.0,0.0,0.0,0.0,0.0,0.0,0.0,0.0,0.0,0.0,0.0,0.0,0.0,0.0,0.038563829787234036,0.0,0.0,0.0,0.0,0.0,0.0,0.0,0.0,0.0,0.0,0.0,0.0,0.0,0.0,0.0,0.0
0.0,0.0,0.0,0.0,0.0,0.0,0.0,0.0,0.0,0.0,0.0,0.0,0.0,0.0,0.0,0.0,0.0,0.0,0.0,0.0,0.0,0.0,0.0,0.0,0.0,0.0,0.0,0.0,0.0,0.0,0.0,0.0,0.0,0.0,0.0,0.0,0.0,0.0,0.0,0.0,0.0,0.0,0.0,0.0,0.0,0.0,0.0,0.0,0.0,0.0,0.0,0.0,0.0,0.05308174100114906,0.0,0.0,0.0,0.05484455054748473,0.0,0.04952808720083718,0.05516323161744634,0.0,0.054180362882898826,0.0,0.04709741724530523,0.0,0.0,0.0,0.0,0.050056385299953265,0.0,0.0,0.0,0.0,0.0,0.0,0.0,0.0,0.0,0.048970415993901624,0.05177425590013036,0.05096104243350681,0.0,0.0,0.0,0.0,0.0,0.0,0.0,0.050089083666525064,0.0,0.0,0.0,0.05484455054748473,0.0,0.0,0.0,0.0,0.0,0.0,0.0,0.0,0.0,0.0,0.0,0.0,0.05635824174435939,0.0,0.0,0.0,0.0,0.0,0.0,0.0,0.0,0.0,0.0,0.0,0.0,0.0,0.0,0.0,0.0,0.0,0.0,0.0,0.0,0.0,0.0,0.0,0.0,0.0,0.0,0.0,0.0,0.0,0.0,0.0,0.0,0.0,0.0,0.0,0.0,0.0,0.0,0.0,0.0,0.0,0.0,0.0
0.0,0.0,0.0,0.0,0.0,0.0,0.0,0.0,0.0,0.0,0.0,0.0,0.0,0.0,0.0,0.0,0.0,0.0,0.0,0.0,0.0,0.0,0.0,0.0,0.0,0.0,0.0,0.0,0.0,0.0,0.0,0.0,0.0,0.0,0.0,0.0,0.0,0.0,0.0,0.0,0.0,0.0,0.0,0.0,0.0,0.0,0.0,0.0,0.0,0.0,0.0,0.0,0.0,0.04498992729603195,0.0,0.03881982414714948,0.0,0.0,0.0,0.041977994697441436,0.0,0.03826232682536181,0.0,0.03818838989284342,0.039917857585931395,0.0,0.03876646353890653,0.039953292885928256,0.0,0.042425758704830535,0.0,0.03892720975796172,0.0,0.039184442882940804,0.039393749192532565,0.0,0.0,0.0,0.03799330105663332,0.04150533523710878,0.04388175603928656,0.04319250934071359,0.03980041732676132,0.0,0.03978819923980365,0.0,0.0,0.0,0.039056418690000816,0.04245347251200827,0.0402402142946803,0.03863856327758367,0.03991927318809457,0.0,0.03911519437214699,0.039056418690000816,0.03865227635850027,0.038817980456704274,0.0,0.0,0.0,0.0,0.0,0.0,0.0,0.0,0.0,0.0,0.0,0.0,0.0,0.0,0.0,0.0,0.0,0.0,0.0,0.0,0.0,0.0,0.0,0.0,0.0,0.0,0.0,0.0,0.0,0.0,0.0,0.0,0.0,0.0,0.0,0.0,0.0,0.0,0.0,0.0,0.0,0.0,0.0,0.0,0.0,0.0,0.0,0.0,0.0,0.0,0.0,0.0
0.0,0.0,0.0,0.0,0.0,0.0,0.0,0.0,0.0,0.0,0.0,0.0,0.0,0.0,0.0,0.0,0.0,0.0,0.0,0.0,0.0,0.0,0.0,0.0,0.0,0.0,0.0,0.0,0.0,0.0,0.0,0.0,0.0,0.0,0.0,0.0,0.0,0.0,0.0,0.0,0.0,0.0,0.0,0.0,0.0,0.0,0.0,0.0,0.0,0.0,0.0,0.0,0.0,0.0,0.0,0.0,0.0,0.0,0.0,0.0,0.0,0.0,0.0,0.0,0.0,0.0,0.0,0.0,0.0,0.0,0.0,0.0,0.0,0.0,0.0,0.0,0.0,0.0,0.0,0.0,0.0,0.0,0.0,0.0,0.0,0.0,0.0,0.0,0.0,0.0,0.0,0.0,0.0,0.0,0.0,0.0,0.0,0.0,0.0,0.0,0.0,0.0,0.0,0.0,0.04473179818755606,0.0,0.0,0.0,0.0,0.052815124071058525,0.0,0.0,0.0,0.0,0.04840175910862194,0.045029326858214834,0.0,0.0,0.0,0.0,0.04699432962771744,0.0,0.0,0.0,0.045654200348610716,0.0,0.0,0.0,0.0,0.0,0.0,0.0,0.0443344953796851,0.0,0.0,0.0,0.046496542238844286,0.0,0.0,0.04580286124143445,0.04660146123401386,0.04618391648058833,0.0,0.04699432962771744,0.04725341880429096,0.044602577508753946,0.0,0.0,0.04611529641705899,0.0
0.0,0.0,0.0,0.0,0.0,0.0,0.0,0.0,0.0,0.0,0.0,0.0,0.0,0.0,0.0,0.0,0.0,0.0,0.0,0.0,0.0,0.0,0.0,0.0,0.0,0.0,0.0,0.0,0.0,0.0,0.0,0.0,0.0,0.0,0.0,0.0,0.0,0.0,0.0,0.0,0.0,0.0,0.0,0.0,0.0,0.0,0.0,0.0,0.0,0.0,0.0,0.0,0.0,0.0,0.0,0.0,0.0,0.0,0.0,0.0,0.0,0.0,0.0,0.0,0.0,0.0,0.0,0.0,0.0,0.0,0.04051534651135677,0.0,0.042087701133220176,0.0,0.0,0.0,0.0,0.0,0.0,0.0,0.0,0.0,0.0,0.040433617006102554,0.040945204986575,0.0,0.0,0.0,0.0,0.0,0.0,0.0,0.0,0.0,0.0,0.0,0.0,0.0,0.0,0.0,0.0,0.0,0.0,0.040007903576445444,0.0,0.0,0.0,0.0,0.0,0.0,0.0,0.040881648599347814,0.0,0.04557360860291548,0.04540487474525151,0.0,0.0,0.0,0.0,0.0,0.0,0.04247355213350032,0.0,0.04071290125437111,0.0,0.0,0.03989375811251082,0.0398146299193433,0.04091014748646131,0.0,0.0,0.0,0.0415894431665388,0.0,0.04331122336029678,0.0,0.0,0.0,0.0398146299193433,0.0,0.0,0.0,0.0,0.0,0.0,0.0,0.04304422075973935,0.0,0.0,0.04008694935433468
0.0,0.0,0.0,0.0,0.0,0.0,0.0,0.0,0.0,0.0,0.0,0.0,0.0,0.0,0.0,0.0,0.0,0.0,0.0,0.0,0.0,0.0,0.0,0.0,0.0,0.0,0.0,0.0,0.0,0.0,0.0,0.0,0.0,0.0,0.0,0.0,0.0,0.0,0.0,0.0,0.0,0.0,0.0,0.0,0.0,0.0,0.0,0.0,0.0,0.0,0.0,0.0,0.0,0.0,0.0,0.0,0.0,0.0,0.0,0.0,0.0,0.0,0.0,0.0,0.0,0.0,0.0,0.0,0.0,0.0,0.0,0.0,0.0,0.0,0.0,0.0,0.0,0.0,0.0,0.0,0.0,0.0,0.0,0.0,0.0,0.0,0.0,0.0,0.0,0.0,0.0,0.0,0.0,0.0,0.0,0.0,0.0,0.0,0.0,0.0,0.0,0.0,0.0,0.0,0.045330811667207205,0.05647074455591064,0.0,0.050413938355945036,0.046292933901059964,0.0,0.0,0.0,0.04589485309477393,0.0,0.0,0.045632324610609946,0.04347277079882325,0.0,0.05814018997338112,0.0,0.04762364117017189,0.0,0.059508381635778484,0.0,0.046265565921191694,0.04825653292563358,0.0,0.0,0.044194359852803095,0.04906083117333514,0.050413938355945036,0.0,0.044928188488882546,0.0,0.0,0.053693290628739634,0.0,0.0,0.0,0.046416217565165764,0.047225511788243094,0.046802375599959284,0.0,0.04762364117017189,0.04788619986765643,0.04519986056549369,0.0,0.04336526423235602,0.0,0.0
0.0,0.0,0.0,0.0,0.0,0.0,0.0,0.0,0.0,0.0,0.0,0.0,0.0,0.0,0.0,0.0,0.0,0.0,0.0,0.0,0.0,0.0,0.0,0.0,0.0,0.0,0.0,0.0,0.0,0.0,0.0,0.0,0.0,0.0,0.0,0.0,0.0,0.0,0.0,0.0,0.0,0.0,0.0,0.0,0.0,0.0,0.0,0.0,0.0,0.0,0.0,0.0,0.0,0.0,0.03888223466968364,0.0,0.0,0.0,0.0,0.0,0.0,0.0,0.0,0.0,0.0,0.0,0.0,0.0,0.0,0.0,0.03917257351765539,0.0,0.040692816643393054,0.0,0.0,0.0,0.0,0.03907581114627765,0.0,0.0,0.0,0.0,0.0,0.03909355271865433,0.0,0.0,0.0,0.0,0.0,0.0,0.0,0.0,0.0,0.0,0.0,0.0,0.0,0.0,0.0,0.0,0.0,0.040007903576445444,0.0,0.0,0.040571422928842554,0.0,0.0,0.0,0.04143252968213551,0.0,0.038961076726993185,0.039526735500880136,0.041076244317773306,0.0,0.0,0.0,0.03890846214967759,0.0,0.0,0.0,0.0,0.0,0.0,0.03936358083613708,0.041408035130965866,0.0,0.0385715860067948,0.03849508030633621,0.03955428986846556,0.0,0.0,0.0,0.0402110721067861,0.03862284395101368,0.04187578849276892,0.0,0.0,0.03840779933907199,0.03849508030633621,0.041542869503830605,0.0,0.0,0.04023491098287947,0.0,0.0,0.0,0.041617634980573005,0.038812242950961466,0.0,0.03875837444068345
0.0,0.0,0.0,0.0,0.0,0.0,0.0,0.0,0.0,0.0,0.0,0.0,0.0,0.0,0.0,0.0,0.0,0.0,0.0,0.0,0.0,0.0,0.0,0.0,0.0,0.0,0.0,0.0,0.0,0.0,0.0,0.0,0.0,0.0,0.0,0.0,0.0,0.0,0.0,0.0,0.0,0.0,0.0,0.0,0.0,0.0,0.0,0.0,0.0,0.0,0.0,0.0,0.0,0.0,0.0,0.0,0.0,0.0,0.0,0.0,0.0,0.0,0.0,0.0,0.0,0.0,0.0,0.0,0.0,0.0,0.0,0.0,0.0,0.0,0.0,0.0,0.0,0.0,0.0,0.0,0.0,0.0,0.0,0.0,0.0,0.0,0.0,0.0,0.0,0.0,0.0,0.0,0.0,0.0,0.0,0.0,0.0,0.0,0.0,0.0,0.04473179818755606,0.0,0.045330811667207205,0.040571422928842554,0.0,0.0,0.0,0.0,0.0,0.0,0.04086418564868296,0.04145747482577359,0.04308267159334455,0.0,0.04604441151985972,0.0428362293954846,0.04080900103789006,0.0,0.0,0.0,0.04470552914456181,0.0,0.0,0.0,0.0434306691982833,0.045299640811035276,0.0,0.0,0.04148637512543247,0.0,0.0,0.0,0.042175238821514395,0.0,0.0,0.0,0.04423198587248289,0.04028388264387493,0.0,0.043572089746877915,0.04433179491824498,0.04393458616367187,0.0,0.04470552914456181,0.04495199970443796,0.04243026434329894,0.0,0.04070808187626486,0.04386930815514798,0.0
0.0,0.0,0.0,0.0,0.0,0.0,0.0,0.0,0.0,0.0,0.0,0.0,0.0,0.0,0.0,0.0,0.0,0.0,0.0,0.0,0.0,0.0,0.0,0.0,0.0,0.0,0.0,0.0,0.0,0.0,0.0,0.0,0.0,0.0,0.0,0.0,0.0,0.0,0.0,0.0,0.0,0.0,0.0,0.0,0.0,0.0,0.0,0.0,0.0,0.0,0.0,0.0,0.0,0.0,0.0,0.0,0.0,0.0,0.0,0.0,0.0,0.0,0.0,0.0,0.0,0.0,0.0,0.0,0.0,0.0,0.0,0.0,0.0,0.0,0.0,0.0,0.0,0.0,0.0,0.0,0.0,0.0,0.0,0.0,0.0,0.0,0.0,0.0,0.0,0.0,0.0,0.0,0.0,0.0,0.0,0.0,0.0,0.0,0.0,0.0,0.0,0.0,0.05647074455591064,0.0,0.0,0.0,0.0,0.05895481581554712,0.0,0.06258987781267075,0.0,0.0,0.0,0.0,0.0,0.0,0.0,0.07690141150174223,0.0679900103650085,0.0,0.05569180042689723,0.0,0.06958999422041566,0.0,0.0,0.05643191354027835,0.0,0.0,0.0,0.05737247197709845,0.05895481581554712,0.07357261153415352,0.0,0.0,0.0,0.06278973955968864,0.0,0.0,0.0,0.0,0.0,0.0,0.0,0.05569180042689723,0.05599884050660062,0.0,0.0,0.0,0.0,0.0
0.0,0.0,0.0,0.0,0.0,0.0,0.0,0.0,0.0,0.0,0.0,0.0,0.0,0.0,0.0,0.0,0.0,0.0,0.0,0.0,0.0,0.0,0.0,0.0,0.0,0.0,0.0,0.0,0.0,0.0,0.0,0.0,0.0,0.0,0.0,0.0,0.0,0.0,0.0,0.0,0.0,0.0,0.0,0.0,0.0,0.0,0.0,0.0,0.0,0.0,0.0,0.0,0.0,0.054999297567804716,0.0,0.0,0.0,0.05682578790074582,0.0,0.051317269451732136,0.0,0.0,0.0,0.0,0.0,0.0,0.0,0.0,0.0,0.0,0.0,0.0,0.0,0.0,0.0,0.0,0.0,0.0,0.0,0.0,0.0,0.0,0.0,0.0,0.0,0.0,0.0,0.0,0.0,0.051898531689347646,0.0,0.0,0.0,0.05682578790074582,0.0,0.0,0.0,0.0,0.05635824174435939,0.0,0.0,0.0,0.0,0.0,0.0,0.0,0.0,0.0,0.0,0.0,0.0,0.0,0.0,0.05413853556544372,0.0,0.0,0.0,0.0,0.0,0.0,0.0,0.05045586652585444,0.0,0.0,0.0,0.0,0.0,0.0,0.0,0.0,0.0,0.0,0.0,0.0,0.0,0.0,0.0,0.0,0.0,0.0,0.0,0.0,0.0,0.0,0.0,0.0,0.0,0.0,0.0,0.0
0.0,0.0,0.0,0.0,0.0,0.0,0.0,0.0,0.0,0.0,0.0,0.0,0.0,0.0,0.0,0.0,0.0,0.0,0.0,0.0,0.0,0.0,0.0,0.0,0.0,0.0,0.0,0.0,0.0,0.0,0.0,0.0,0.0,0.0,0.0,0.0,0.0,0.0,0.0,0.0,0.0,0.0,0.0,0.0,0.0,0.0,0.0,0.0,0.0,0.0,0.0,0.0,0.0,0.0,0.0,0.0,0.0,0.0,0.0,0.0,0.0,0.0,0.0,0.0,0.0,0.0,0.0,0.0,0.0,0.0,0.0,0.0,0.0,0.0,0.0,0.0,0.0,0.0,0.0,0.0,0.0,0.0,0.0,0.0,0.0,0.0,0.0,0.0,0.0,0.0,0.0,0.0,0.0,0.0,0.0,0.0,0.0,0.0,0.0,0.0,0.0,0.0,0.050413938355945036,0.0,0.0,0.05895481581554712,0.0,0.0,0.04832929711058025,0.0,0.0,0.0,0.0479137052709674,0.0,0.0,0.0,0.0,0.0,0.060697697866688397,0.0,0.049718540382859576,0.0,0.06212607441973955,0.0,0.048300725250494704,0.05037927218598783,0.0,0.0,0.0,0.05121895041985751,0.05263157894736841,0.0,0.0,0.0,0.0,0.056055185467121044,0.0,0.0,0.0,0.04845800385541919,0.0,0.0,0.0,0.049718540382859576,0.0,0.0,0.0,0.0,0.0,0.0
0.0,0.0,0.0,0.0,0.0,0.0,0.0,0.0,0.0,0.0,0.0,0.0,0.0,0.0,0.0,0.0,0.0,0.0,0.0,0.0,0.0,0.0,0.0,0.0,0.0,0.0,0.0,0.0,0.0,0.0,0.0,0.0,0.0,0.0,0.0,0.0,0.0,0.0,0.0,0.0,0.0,0.0,0.0,0.0,0.0,0.0,0.0,0.0,0.0,0.0,0.0,0.0,0.0,0.0,0.0,0.0,0.0,0.0,0.0,0.0,0.0,0.0,0.0,0.0,0.0,0.0,0.0,0.0,0.0,0.0,0.0,0.0,0.043586385953040825,0.0,0.0,0.0,0.0,0.0,0.0,0.0,0.0,0.0,0.0,0.0,0.0,0.0,0.0,0.0,0.0,0.0,0.0,0.0,0.0,0.0,0.0,0.0,0.0,0.0,0.0,0.0,0.0,0.0,0.046292933901059964,0.04143252968213551,0.0,0.0,0.0,0.04832929711058025,0.0,0.0,0.0,0.04233738755670143,0.04399707825647781,0.0,0.0,0.0,0.04167515025948623,0.0,0.0,0.04832929711058025,0.0,0.0,0.0,0.04216263135218875,0.0,0.0,0.0,0.0,0.04236690124976414,0.04703214157813408,0.04832929711058025,0.0,0.04307038570937795,0.0,0.04485347611419462,0.0,0.0,0.0,0.0,0.0,0.0,0.0,0.0,0.0,0.0,0.0,0.044576965920360916,0.0,0.0,0.0
0.0,0.0,0.0,0.0,0.0,0.0,0.0,0.0,0.0,0.0,0.0,0.0,0.0,0.0,0.0,0.0,0.0,0.0,0.0,0.0,0.0,0.0,0.0,0.0,0.0,0.0,0.0,0.0,0.0,0.0,0.0,0.0,0.0,0.0,0.0,0.0,0.0,0.0,0.0,0.0,0.0,0.0,0.0,0.0,0.0,0.0,0.0,0.0,0.0,0.0,0.0,0.0,0.0,0.0,0.0,0.0,0.0,0.0,0.0,0.0,0.0,0.0,0.0,0.0,0.0,0.0,0.0,0.0,0.0,0.0,0.0,0.0,0.0,0.0,0.0,0.0,0.0,0.0,0.0,0.0,0.0,0.0,0.0,0.0,0.0,0.0,0.0,0.0,0.0,0.0,0.0,0.0,0.0,0.0,0.0,0.0,0.0,0.0,0.0,0.0,0.052815124071058525,0.0,0.0,0.0,0.0,0.06258987781267075,0.0,0.0,0.0,0.0,0.0,0.0,0.0,0.0,0.0,0.0,0.0,0.07288635637838452,0.0,0.0,0.052784108041719575,0.0,0.06595667127649565,0.0,0.05127887263952075,0.0,0.0,0.0,0.0,0.0,0.0,0.06973135446083806,0.0,0.0,0.0,0.05951146077923072,0.052224992430873855,0.0,0.0,0.0,0.052342837618166264,0.05187385066693913,0.0,0.052784108041719575,0.053075117429384734,0.0,0.0,0.0,0.05179677649914366,0.0
0.0,0.0,0.0,0.0,0.0,0.0,0.0,0.0,0.0,0.0,0.0,0.0,0.0,0.0,0.0,0.0,0.0,0.0,0.0,0.0,0.0,0.0,0.0,0.0,0.0,0.0,0.0,0.0,0.0,0.0,0.0,0.0,0.0,0.0,0.0,0.0,0.0,0.0,0.0,0.0,0.0,0.0,0.0,0.0,0.0,0.0,0.0,0.0,0.0,0.0,0.0,0.03936703241570441,0.0,0.0,0.0,0.0,0.03955605878861268,0.0,0.0,0.0,0.0,0.0,0.0,0.0,0.0,0.0,0.0,0.0,0.0,0.0,0.03945524216317692,0.0,0.0,0.0,0.0,0.0,0.0,0.039357781556120526,0.0,0.0,0.0,0.0,0.0,0.0,0.0,0.0,0.040095993352578574,0.0,0.0,0.0,0.0,0.0,0.0,0.0,0.0,0.0,0.0,0.0,0.0,0.0,0.0,0.0,0.0,0.038961076726993185,0.04086418564868296,0.0,0.0,0.0,0.0,0.0,0.0,0.039811959773441284,0.04137264982044427,0.0,0.0,0.041135989316906346,0.03918922497191642,0.0,0.0,0.0,0.04293109349842054,0.0,0.0,0.03964762778732381,0.041706834830681855,0.0,0.03884991793633329,0.03877286017199988,0.03983971297288952,0.0,0.0,0.0,0.04050123454102777,0.0,0.0,0.0,0.04247634593412198,0.03868494938671297,0.03877286017199988,0.04184264216616112,0.04257219339544482,0.04219075050667311,0.0,0.04293109349842054,0.0,0.04074613768231063,0.0,0.03909231145704663,0.04212806348918434,0.039038054232485395
0.0,0.0,0.0,0.0,0.0,0.0,0.0,0.0,0.0,0.0,0.0,0.0,0.0,0.0,0.0,0.0,0.0,0.0,0.0,0.0,0.0,0.0,0.0,0.0,0.0,0.0,0.0,0.0,0.0,0.0,0.0,0.0,0.0,0.0,0.0,0.0,0.0,0.0,0.0,0.0,0.0,0.0,0.0,0.0,0.0,0.0,0.0,0.0,0.0,0.0,0.0,0.0,0.0,0.0,0.03973139585997304,0.0,0.0,0.0,0.0,0.0,0.0,0.0,0.0,0.0,0.0,0.0,0.0,0.0,0.0,0.0,0.0,0.0,0.041581519695331436,0.0,0.0,0.0,0.04159042270789365,0.03992919991331703,0.0,0.0,0.0,0.0,0.0,0.03994732894939904,0.0,0.0,0.0,0.0,0.0,0.0,0.0,0.0,0.0,0.0,0.0,0.0,0.0,0.0,0.0,0.0,0.0,0.040881648599347814,0.0,0.039526735500880136,0.04145747482577359,0.0,0.0,0.0,0.04233738755670143,0.0,0.039811959773441284,0.0,0.041973321165691586,0.04502550276412463,0.0,0.0,0.03975819613004244,0.0,0.0,0.0,0.0,0.04196273013295613,0.0,0.040223254294744375,0.0,0.0,0.03941396284452367,0.03933578631232876,0.04041812828081759,0.0,0.0,0.0,0.041089254190277175,0.03946634022689456,0.04279032683406833,0.0,0.0,0.03924659918893228,0.03933578631232876,0.04245013712400716,0.0,0.0,0.04111361369098408,0.0,0.0,0.04133771297278602,0.042526535427200064,0.03965987557038334,0.0,0.03960483060899094
0.0,0.0,0.0,0.0,0.0,0.0,0.0,0.0,0.0,0.0,0.0,0.0,0.0,0.0,0.0,0.0,0.0,0.0,0.0,0.0,0.0,0.0,0.0,0.0,0.0,0.0,0.0,0.0,0.0,0.0,0.0,0.0,0.0,0.0,0.0,0.0,0.0,0.0,0.0,0.0,0.0,0.0,0.0,0.0,0.0,0.0,0.0,0.0,0.0,0.0,0.0,0.0,0.0,0.0,0.0,0.0,0.0,0.0,0.0,0.0,0.0,0.0,0.0,0.0,0.0,0.0,0.0,0.0,0.0,0.0,0.0,0.0,0.0,0.0,0.0,0.0,0.0,0.04149448595409814,0.0,0.0,0.0,0.0,0.0,0.0,0.0,0.0,0.0,0.0,0.0,0.0,0.0,0.0,0.0,0.0,0.0,0.0,0.0,0.0,0.0,0.0,0.0,0.0,0.04589485309477393,0.041076244317773306,0.04308267159334455,0.0,0.0,0.0479137052709674,0.04399707825647781,0.0,0.04137264982044427,0.041973321165691586,0.0,0.0,0.0,0.04336923127855663,0.04131677855954504,0.0,0.0,0.0,0.045261790317733475,0.0,0.0,0.0,0.043971067566497365,0.045863294386420075,0.0,0.0,0.04200258106549168,0.04662770419940156,0.0479137052709674,0.0,0.042700016142677245,0.0,0.0,0.0,0.04478235484974245,0.04078512623159606,0.0,0.044114247780211197,0.04488340579774686,0.04448125466105591,0.0,0.045261790317733475,0.04551132765716491,0.04295821489154692,0.0,0.041214603682747354,0.044415164412473604,0.0
0.0,0.0,0.0,0.0,0.0,0.0,0.0,0.0,0.0,0.0,0.0,0.0,0.0,0.0,0.0,0.0,0.0,0.0,0.0,0.0,0.0,0.0,0.0,0.0,0.0,0.0,0.0,0.0,0.0,0.0,0.0,0.0,0.0,0.0,0.0,0.0,0.0,0.0,0.0,0.0,0.0,0.0,0.0,0.0,0.0,0.0,0.0,0.0,0.0,0.0,0.0,0.0,0.0,0.0,0.0,0.0,0.0,0.0,0.0,0.0,0.0,0.0,0.0,0.0,0.0,0.0,0.0,0.0,0.05200975563355961,0.0,0.0,0.0,0.0,0.0,0.0,0.0,0.0,0.0,0.0,0.0,0.0,0.0,0.0,0.044532057699377375,0.0,0.0,0.0,0.0,0.0,0.0,0.0,0.0,0.0,0.0,0.0,0.0,0.0,0.0,0.0,0.0,0.0,0.04557360860291548,0.0,0.0,0.0,0.0,0.05413853556544372,0.0,0.0,0.0,0.0,0.04502550276412463,0.0,0.0,0.05000721309902528,0.0,0.0,0.0,0.0,0.051397854856450445,0.0,0.04677876515526868,0.0,0.04483965081568318,0.0,0.0,0.04393747751637468,0.0,0.0,0.0,0.0,0.0,0.0,0.0,0.0,0.0,0.0,0.0,0.0,0.0,0.0,0.0,0.04583219617601887,0.0,0.0,0.0,0.04740727801344472,0.0,0.0,0.044150251049017486
0.0,0.0,0.0,0.0,0.0,0.0,0.0,0.0,0.0,0.0,0.0,0.0,0.0,0.0,0.0,0.0,0.0,0.0,0.0,0.0,0.0,0.0,0.0,0.0,0.0,0.0,0.0,0.0,0.0,0.0,0.0,0.0,0.0,0.0,0.0,0.0,0.0,0.0,0.0,0.0,0.0,0.0,0.0,0.0,0.0,0.0,0.0,0.0,0.0,0.0,0.0,0.0,0.0,0.0,0.0,0.0,0.0,0.0,0.0,0.0,0.0,0.0,0.0,0.0,0.0,0.0,0.0,0.0,0.0,0.0,0.0,0.0,0.0,0.0,0.0,0.0,0.0,0.0,0.0,0.0,0.0,0.0,0.0,0.0,0.0,0.0,0.0,0.0,0.0,0.0,0.0,0.0,0.0,0.0,0.0,0.0,0.0,0.0,0.0,0.0,0.04840175910862194,0.04540487474525151,0.0,0.0,0.04604441151985972,0.0,0.0,0.0,0.0,0.0,0.0,0.0,0.0,0.05000721309902528,0.0,0.046350670894752914,0.0,0.0,0.0,0.0,0.0,0.04660556926968106,0.0,0.0,0.0,0.0,0.0,0.0,0.0448900696254531,0.0,0.0,0.0,0.045635450227785056,0.0,0.0,0.0,0.047860940356550766,0.0,0.0,0.0,0.047968938102797905,0.0,0.04566250491164318,0.0,0.0,0.04591139897950325,0.04723175509248723,0.0,0.047468507227998544,0.0
0.0,0.0,0.0,0.0,0.0,0.0,0.0,0.0,0.0,0.0,0.0,0.0,0.0,0.0,0.0,0.0,0.0,0.0,0.0,0.0,0.0,0.0,0.0,0.0,0.0,0.0,0.0,0.0,0.0,0.0,0.0,0.0,0.0,0.0,0.0,0.0,0.0,0.0,0.0,0.0,0.0,0.0,0.0,0.0,0.0,0.0,0.0,0.0,0.0,0.0,0.0,0.0,0.0,0.0,0.0,0.0,0.0,0.0,0.0,0.0,0.0,0.0,0.0,0.0,0.0,0.0,0.0,0.0,0.0,0.0,0.04135929242996464,0.0,0.0,0.0,0.0,0.0,0.0,0.0,0.0,0.0,0.0,0.0,0.0,0.0,0.0,0.0,0.0,0.0,0.0,0.0,0.0,0.0,0.0,0.0,0.0,0.0,0.0,0.0,0.0,0.0,0.045029326858214834,0.0,0.045632324610609946,0.0,0.0428362293954846,0.0,0.0,0.0,0.0,0.0,0.041135989316906346,0.0,0.04336923127855663,0.0,0.046350670894752914,0.0,0.0,0.0,0.0,0.0,0.04500288308954985,0.0,0.0,0.0,0.043719543551561164,0.0,0.0,0.0,0.041762317219013564,0.0,0.0,0.0,0.042455762816741856,0.0,0.0,0.0,0.044526190096110516,0.04055182649003448,0.0,0.04386190474349077,0.044626663010840735,0.04422681226561421,0.0,0.04500288308954985,0.045250993021438916,0.042712484612934205,0.0,0.040978847237293496,0.04416110006754538,0.0
0.0,0.0,0.0,0.0,0.0,0.0,0.0,0.0,0.0,0.0,0.0,0.0,0.0,0.0,0.0,0.0,0.0,0.0,0.0,0.0,0.0,0.0,0.0,0.0,0.0,0.0,0.0,0.0,0.0,0.0,0.0,0.0,0.0,0.0,0.0,0.0,0.0,0.0,0.0,0.0,0.0,0.0,0.0,0.0,0.0,0.0,0.0,0.0,0.0,0.0,0.0,0.0,0.04073260346504715,0.0,0.03910992123134469,0.0,0.039502640724014076,0.0,0.0,0.0,0.0,0.0,0.0,0.0,0.0,0.0,0.0,0.0,0.0,0.0,0.03940196024533244,0.0,0.0,0.0,0.0,0.0,0.0,0.039304631252930364,0.0,0.0,0.0,0.0,0.0,0.03932247671639373,0.0,0.0,0.040041846139012655,0.0,0.0,0.0,0.0,0.0,0.0,0.0,0.0,0.0,0.0,0.0,0.0,0.0,0.0,0.0,0.04347277079882325,0.03890846214967759,0.04080900103789006,0.0,0.0,0.0,0.04167515025948623,0.0,0.03918922497191642,0.03975819613004244,0.04131677855954504,0.0,0.0,0.0,0.0,0.0,0.0,0.0,0.0,0.0,0.0,0.03959408606433157,0.041650512273141566,0.04344287758852926,0.038797453472240354,0.03872049976975635,0.03978591185047365,0.04416694598302858,0.0,0.0,0.04044654007375039,0.038849011572691924,0.0,0.0,0.0,0.03863270770266714,0.03872049976975635,0.04178613620902942,0.0,0.0,0.0,0.0,0.0,0.04069111248815545,0.0,0.039039519655166645,0.0,0.03898533570170509
0.0,0.0,0.0,0.0,0.0,0.0,0.0,0.0,0.0,0.0,0.0,0.0,0.0,0.0,0.0,0.0,0.0,0.0,0.0,0.0,0.0,0.0,0.0,0.0,0.0,0.0,0.0,0.0,0.0,0.0,0.0,0.0,0.0,0.0,0.0,0.0,0.0,0.0,0.0,0.0,0.0,0.0,0.0,0.0,0.0,0.0,0.0,0.0,0.0,0.0,0.0,0.0,0.0,0.0,0.0,0.0,0.0,0.0,0.0,0.0,0.0,0.0,0.0,0.0,0.0,0.0,0.0,0.0,0.0,0.0,0.0,0.0,0.0,0.0,0.0,0.0,0.0,0.0,0.0,0.0,0.0,0.0,0.0,0.0,0.0,0.0,0.0,0.0,0.0,0.0,0.0,0.0,0.0,0.0,0.0,0.0,0.0,0.0,0.0,0.0,0.0,0.0,0.0,0.0,0.0,0.07690141150174223,0.0,0.0,0.0,0.07288635637838452,0.0,0.0,0.0,0.0,0.0,0.0,0.0,0.0,0.07917484901417816,0.0,0.0,0.0,0.0810380415552133,0.0,0.0,0.0,0.0,0.0,0.0,0.0,0.0,0.08567582764766446,0.0,0.0,0.0,0.07311909679949785,0.0,0.0,0.0,0.0,0.0,0.0,0.0,0.0,0.0,0.0,0.0,0.0,0.0,0.0
0.0,0.0,0.0,0.0,0.0,0.0,0.0,0.0,0.0,0.0,0.0,0.0,0.0,0.0,0.0,0.0,0.0,0.0,0.0,0.0,0.0,0.0,0.0,0.0,0.0,0.0,0.0,0.0,0.0,0.0,0.0,0.0,0.0,0.0,0.0,0.0,0.0,0.0,0.0,0.0,0.0,0.0,0.0,0.0,0.0,0.0,0.0,0.0,0.0,0.0,0.0,0.0,0.0,0.0,0.0,0.0,0.0,0.0,0.0,0.0,0.0,0.0,0.0,0.0,0.0,0.0,0.0,0.0,0.0,0.0,0.0,0.0,0.0,0.0,0.0,0.0,0.0,0.0,0.0,0.0,0.0,0.0,0.0,0.0,0.0,0.0,0.0,0.0,0.0,0.0,0.0,0.0,0.0,0.0,0.0,0.0,0.0,0.0,0.0,0.0,0.0,0.0,0.05814018997338112,0.0,0.0,0.0679900103650085,0.0,0.060697697866688397,0.0,0.0,0.0,0.0,0.0,0.0,0.0,0.0,0.0,0.07917484901417816,0.0,0.0,0.0,0.0,0.07164728420068227,0.0,0.0,0.0,0.0,0.0,0.0,0.0,0.060697697866688397,0.0,0.0,0.0,0.0,0.06464599351554542,0.0,0.0,0.0,0.0,0.0,0.0,0.0,0.0,0.0,0.0,0.0,0.0,0.0,0.0
0.0,0.0,0.0,0.0,0.0,0.0,0.0,0.0,0.0,0.0,0.0,0.0,0.0,0.0,0.0,0.0,0.0,0.0,0.0,0.0,0.0,0.0,0.0,0.0,0.0,0.0,0.0,0.0,0.0,0.0,0.0,0.0,0.0,0.0,0.0,0.0,0.0,0.0,0.0,0.0,0.0,0.0,0.0,0.0,0.0,0.0,0.0,0.0,0.0,0.0,0.0,0.0,0.0,0.05221504209657848,0.0,0.0,0.0,0.0,0.0,0.0,0.0,0.0,0.053295726089263355,0.0,0.0,0.0,0.0,0.0,0.05325816743337281,0.0,0.0,0.0,0.047466453072327656,0.0,0.0,0.0,0.0,0.0,0.0,0.0,0.05092890512550846,0.0,0.0,0.045600979205057214,0.0,0.0,0.0,0.04954914111566399,0.0,0.0,0.0,0.0,0.0,0.0,0.0,0.0,0.0,0.0,0.0,0.0,0.0,0.0,0.0,0.0,0.0,0.0,0.0,0.0,0.04832929711058025,0.0,0.0,0.0,0.0,0.051397854856450445,0.0,0.0,0.0,0.0,0.0,0.0,0.0,0.0,0.0,0.0,0.0,0.0,0.0,0.0,0.0,0.0,0.0,0.0,0.0,0.0,0.048846339804336426,0.0,0.0,0.0,0.0,0.0,0.0,0.0,0.0,0.0,0.0,0.0,0.048545214628375105,0.0,0.0,0.0
0.0,0.0,0.0,0.0,0.0,0.0,0.0,0.0,0.0,0.0,0.0,0.0,0.0,0.0,0.0,0.0,0.0,0.0,0.0,0.0,0.0,0.0,0.0,0.0,0.0,0.0,0.0,0.0,0.0,0.0,0.0,0.0,0.0,0.0,0.0,0.0,0.0,0.0,0.0,0.0,0.0,0.0,0.0,0.0,0.0,0.0,0.0,0.0,0.0,0.0,0.0,0.0,0.0,0.0,0.0,0.0,0.0,0.0,0.0,0.0,0.0,0.0,0.0,0.0,0.0,0.0,0.0,0.0,0.0,0.0,0.0,0.0,0.0,0.0,0.0,0.0,0.0,0.0,0.0,0.0,0.0,0.0,0.0,0.0,0.0,0.0,0.0,0.0,0.0,0.0,0.0,0.0,0.0,0.0,0.0,0.0,0.0,0.0,0.0,0.0,0.04699432962771744,0.0,0.04762364117017189,0.0,0.04470552914456181,0.05569180042689723,0.0,0.049718540382859576,0.0,0.052784108041719575,0.04293109349842054,0.0,0.045261790317733475,0.0,0.0,0.04500288308954985,0.0,0.0,0.0,0.0,0.0,0.0,0.0,0.0,0.04562738961887441,0.0475908936941241,0.0,0.0,0.043584753278397774,0.0,0.049718540382859576,0.0,0.044308459655380564,0.0,0.0,0.05295265804399908,0.04646923683828706,0.0,0.0,0.04577596320961007,0.04657409421908595,0.046156794671565936,0.0,0.04696673189823874,0.0472256689229875,0.0445763843514541,0.0,0.04276709400735633,0.046088214905620685,0.0
0.0,0.0,0.0,0.0,0.0,0.0,0.0,0.0,0.0,0.0,0.0,0.0,0.0,0.0,0.0,0.0,0.0,0.0,0.0,0.0,0.0,0.0,0.0,0.0,0.0,0.0,0.0,0.0,0.0,0.0,0.0,0.0,0.0,0.0,0.0,0.0,0.0,0.0,0.0,0.0,0.0,0.0,0.0,0.0,0.0,0.0,0.0,0.0,0.0,0.0,0.0,0.0,0.0,0.0,0.0,0.0,0.0,0.0,0.0,0.0,0.0,0.0,0.0,0.0,0.0,0.0,0.040948715695663676,0.0,0.0,0.0,0.041586741487876104,0.0,0.0,0.0,0.0,0.0,0.0,0.0,0.0,0.0,0.0,0.0,0.0,0.041502850713154814,0.04202796721650864,0.0,0.0,0.0,0.0,0.0,0.0,0.0,0.0,0.0,0.0,0.0,0.0,0.0,0.0,0.0,0.0,0.04247355213350032,0.0,0.0,0.0,0.0,0.05045586652585444,0.0,0.0,0.0,0.0,0.04196273013295613,0.0,0.04677876515526868,0.04660556926968106,0.0,0.0,0.0,0.0,0.0,0.0,0.0,0.0,0.0417895204033949,0.0,0.0,0.040948715695663676,0.040867495022585194,0.0,0.0,0.0,0.0,0.0,0.0,0.0,0.0,0.0,0.0,0.040867495022585194,0.0,0.0,0.0,0.0427145497877124,0.0,0.0,0.0,0.04418248973337992,0.0,0.0,0.0411470157207961
0.0,0.0,0.0,0.0,0.0,0.0,0.0,0.0,0.0,0.0,0.0,0.0,0.0,0.0,0.0,0.0,0.0,0.0,0.0,0.0,0.0,0.0,0.0,0.0,0.0,0.0,0.0,0.0,0.0,0.0,0.0,0.0,0.0,0.0,0.0,0.0,0.0,0.0,0.0,0.0,0.0,0.0,0.0,0.0,0.0,0.0,0.0,0.0,0.0,0.0,0.0,0.0,0.0,0.0,0.0,0.0,0.0,0.0,0.0,0.0,0.0,0.0,0.0,0.0,0.0,0.0,0.0,0.0,0.0,0.0,0.0,0.0,0.0,0.0,0.0,0.0,0.0,0.0,0.0,0.0,0.0,0.0,0.0,0.0,0.0,0.0,0.0,0.0,0.0,0.0,0.0,0.0,0.0,0.0,0.0,0.0,0.0,0.0,0.0,0.0,0.0,0.0,0.059508381635778484,0.0,0.0,0.06958999422041566,0.0,0.06212607441973955,0.0,0.06595667127649565,0.0,0.0,0.0,0.0,0.0,0.0,0.0,0.0810380415552133,0.07164728420068227,0.0,0.0,0.0,0.0,0.0,0.0,0.05946746184774092,0.0,0.0,0.0,0.06045861418421535,0.06212607441973955,0.0775301809732741,0.0,0.0,0.0,0.06616728385491065,0.0,0.0,0.0,0.0,0.0,0.0,0.0,0.0,0.0,0.0,0.0,0.0,0.0,0.0
0.0,0.0,0.0,0.0,0.0,0.0,0.0,0.0,0.0,0.0,0.0,0.0,0.0,0.0,0.0,0.0,0.0,0.0,0.0,0.0,0.0,0.0,0.0,0.0,0.0,0.0,0.0,0.0,0.0,0.0,0.0,0.0,0.0,0.0,0.0,0.0,0.0,0.0,0.0,0.0,0.0,0.0,0.0,0.0,0.0,0.0,0.0,0.0,0.0,0.0,0.0,0.0,0.0,0.0,0.03956739641784448,0.0,0.0,0.0,0.0,0.0,0.0,0.0,0.0,0.03866597068545811,0.0,0.0,0.0,0.0,0.0,0.0,0.03986285146025118,0.0,0.04140988348962334,0.0,0.0,0.0,0.04141874975318487,0.03976438399460372,0.038468442084668014,0.0,0.0,0.0,0.0,0.03978243819939075,0.0,0.0,0.0,0.0,0.0,0.0,0.0,0.0,0.0,0.0,0.0,0.0,0.0,0.0,0.0,0.0,0.0,0.04071290125437111,0.0,0.03936358083613708,0.0,0.0,0.0,0.0,0.04216263135218875,0.0,0.03964762778732381,0.040223254294744375,0.0,0.04483965081568318,0.0,0.0,0.03959408606433157,0.0,0.0,0.0,0.0,0.0417895204033949,0.0,0.0,0.0,0.0,0.0392512736719268,0.03917341982931754,0.04025129421051973,0.0,0.0,0.0,0.04091964991086969,0.039303434855966296,0.04261370103028287,0.0,0.0,0.039084600843968205,0.03917341982931754,0.0,0.0,0.0,0.04094390886276778,0.0,0.0,0.0,0.042350998476263294,0.03949617134284113,0.0,0.039441353590756754
0.0,0.0,0.0,0.0,0.0,0.0,0.0,0.0,0.0,0.0,0.0,0.0,0.0,0.0,0.0,0.0,0.0,0.0,0.0,0.0,0.0,0.0,0.0,0.0,0.0,0.0,0.0,0.0,0.0,0.0,0.0,0.0,0.0,0.0,0.0,0.0,0.0,0.0,0.0,0.0,0.0,0.0,0.0,0.0,0.0,0.0,0.0,0.0,0.0,0.0,0.0,0.0,0.0,0.0,0.0,0.0,0.0,0.0,0.0,0.0,0.0,0.0,0.0,0.0,0.0,0.0,0.0,0.0,0.0,0.0,0.0,0.0,0.0,0.0,0.0,0.0,0.0,0.0,0.0,0.0,0.0,0.0,0.0,0.0,0.0,0.0,0.0,0.0,0.0,0.0,0.0,0.0,0.0,0.0,0.0,0.0,0.0,0.0,0.0,0.0,0.045654200348610716,0.0,0.046265565921191694,0.041408035130965866,0.0434306691982833,0.0,0.0,0.048300725250494704,0.0,0.05127887263952075,0.041706834830681855,0.0,0.043971067566497365,0.0,0.0,0.043719543551561164,0.041650512273141566,0.0,0.0,0.0,0.04562738961887441,0.0,0.0,0.0,0.0,0.04623375229933049,0.0,0.0,0.04234185430625084,0.04700433658511672,0.0,0.0,0.043044922871971,0.0,0.0,0.0,0.0451440815406572,0.04111456555652206,0.0,0.044470577877752306,0.04524594872142021,0.04484054923389083,0.0,0.04562738961887441,0.045878942580672176,0.04330520720520399,0.0,0.04154751208512024,0.044773925145428925,0.0
0.0,0.0,0.0,0.0,0.0,0.0,0.0,0.0,0.0,0.0,0.0,0.0,0.0,0.0,0.0,0.0,0.0,0.0,0.0,0.0,0.0,0.0,0.0,0.0,0.0,0.0,0.0,0.0,0.0,0.0,0.0,0.0,0.0,0.0,0.0,0.0,0.0,0.0,0.0,0.0,0.0,0.0,0.0,0.0,0.0,0.0,0.0,0.0,0.0,0.0,0.04641452082373818,0.0,0.045214836416891814,0.0,0.0,0.0,0.0,0.0,0.0,0.0,0.0,0.0,0.0,0.0,0.0,0.0,0.0,0.0,0.0,0.0,0.0,0.0,0.0,0.0,0.0,0.0,0.0,0.0,0.0,0.0,0.0,0.0,0.0,0.0,0.0,0.0,0.0,0.0,0.0,0.0,0.0,0.0,0.0,0.0,0.0,0.0,0.0,0.0,0.0,0.0,0.0,0.0,0.04825653292563358,0.0,0.045299640811035276,0.05643191354027835,0.0,0.05037927218598783,0.0,0.0,0.0,0.0,0.045863294386420075,0.0,0.0,0.0,0.04344287758852926,0.0,0.0,0.0,0.0475908936941241,0.0,0.05946746184774092,0.0,0.04623375229933049,0.0,0.0,0.0,0.0,0.04902709544136973,0.05037927218598783,0.0,0.0,0.0,0.0,0.0536563694755983,0.0,0.042883867234673675,0.0,0.04638430035061442,0.04719303807816696,0.046770192851301684,0.0,0.0475908936941241,0.0,0.0,0.0,0.0,0.0,0.0
0.0,0.0,0.0,0.0,0.0,0.0,0.0,0.0,0.0,0.0,0.0,0.0,0.0,0.0,0.0,0.0,0.0,0.0,0.0,0.0,0.0,0.0,0.0,0.0,0.0,0.0,0.0,0.0,0.0,0.0,0.0,0.0,0.0,0.0,0.0,0.0,0.0,0.0,0.0,0.0,0.0,0.0,0.0,0.0,0.0,0.0,0.0,0.0,0.0,0.0,0.0,0.03897348338945168,0.0,0.0,0.038771300821157796,0.0,0.0,0.0,0.0,0.0,0.0,0.03796136713230659,0.0,0.03788801176495589,0.0,0.0,0.0,0.0,0.0,0.0,0.0390608113112418,0.0,0.04057671707257472,0.0,0.0,0.0,0.0,0.03896432500995984,0.037694457437520756,0.0,0.0,0.0,0.0,0.03898201596433785,0.0,0.0,0.03969515696303532,0.0,0.0,0.0,0.0,0.038334644224328175,0.0,0.0,0.0,0.0,0.0,0.0,0.0,0.0,0.0,0.03989375811251082,0.0,0.0385715860067948,0.0,0.0,0.0,0.0,0.0,0.0,0.03884991793633329,0.03941396284452367,0.0,0.04393747751637468,0.0,0.0,0.038797453472240354,0.0,0.0,0.0,0.0,0.040948715695663676,0.0,0.0392512736719268,0.0,0.0,0.0,0.0383852510374176,0.039441438597490726,0.0,0.0,0.0,0.04009634698823127,0.038512650163107766,0.0,0.0,0.0,0.0382982190891124,0.0383852510374176,0.0,0.0,0.0,0.040120117850274216,0.0,0.0,0.0,0.04149889683565516,0.03870150879390883,0.0,0.03864779397441557
0.0,0.0,0.0,0.0,0.0,0.0,0.0,0.0,0.0,0.0,0.0,0.0,0.0,0.0,0.0,0.0,0.0,0.0,0.0,0.0,0.0,0.0,0.0,0.0,0.0,0.0,0.0,0.0,0.0,0.0,0.0,0.0,0.0,0.0,0.0,0.0,0.0,0.0,0.0,0.0,0.0,0.0,0.0,0.0,0.0,0.0,0.0,0.0,0.0,0.0,0.0,0.03889618053637491,0.0,0.0,0.0386943989917518,0.0,0.03908294604740295,0.0,0.0,0.0,0.0,0.0378860717845262,0.0,0.037812861915568034,0.0,0.0,0.0383852510374176,0.0,0.0,0.0,0.03898333524558764,0.0,0.0,0.0,0.0,0.0,0.0,0.03888704032228177,0.03761969149792066,0.0,0.0,0.0,0.0,0.03890469618712894,0.0,0.03873444179911076,0.03961642268989095,0.0,0.0,0.0,0.0,0.038258608491504115,0.0,0.0,0.0,0.0,0.0,0.0,0.0,0.0,0.0,0.0398146299193433,0.0,0.03849508030633621,0.0,0.0,0.0,0.0,0.0,0.0,0.03877286017199988,0.03933578631232876,0.0,0.0,0.0,0.0,0.03872049976975635,0.0,0.0,0.0,0.0,0.040867495022585194,0.0,0.03917341982931754,0.0,0.0,0.0383852510374176,0.0,0.0393632075678809,0.0,0.0,0.0,0.0,0.038436261360305465,0.0,0.0,0.0,0.03822225560456154,0.03830911492734478,0.0,0.0,0.0,0.040040540678672416,0.0,0.0,0.0,0.04141658489312546,0.038624745395106394,0.0,0.03857113711750876
0.0,0.0,0.0,0.0,0.0,0.0,0.0,0.0,0.0,0.0,0.0,0.0,0.0,0.0,0.0,0.0,0.0,0.0,0.0,0.0,0.0,0.0,0.0,0.0,0.0,0.0,0.0,0.0,0.0,0.0,0.0,0.0,0.0,0.0,0.0,0.0,0.0,0.0,0.0,0.0,0.0,0.0,0.0,0.0,0.0,0.0,0.0,0.0,0.0,0.0,0.0,0.0,0.0,0.0,0.0,0.0,0.0,0.0,0.0,0.0,0.0,0.0,0.0,0.0,0.0,0.0,0.0,0.0,0.0,0.0,0.0,0.0,0.0,0.0,0.0,0.0,0.0,0.03995703484169808,0.0,0.0,0.0,0.0,0.0,0.0,0.0,0.0,0.0,0.0,0.0,0.0,0.0,0.0,0.0,0.0,0.0,0.0,0.0,0.0,0.0,0.0,0.0,0.04091014748646131,0.044194359852803095,0.03955428986846556,0.04148637512543247,0.0,0.0,0.0,0.04236690124976414,0.0,0.03983971297288952,0.04041812828081759,0.04200258106549168,0.0,0.0448900696254531,0.041762317219013564,0.03978591185047365,0.0,0.0,0.0,0.043584753278397774,0.0,0.0,0.04025129421051973,0.04234185430625084,0.0,0.039441438597490726,0.0393632075678809,0.0,0.0,0.0,0.0,0.04111789780072015,0.0,0.0,0.0,0.0,0.039273958271508314,0.0393632075678809,0.0424797294155927,0.04322038863810823,0.04283313798031808,0.04114227428260773,0.043584753278397774,0.0,0.041366529785608,0.042556180976584465,0.03968752275085526,0.0,0.03963243941722997
0.0,0.0,0.0,0.0,0.0,0.0,0.0,0.0,0.0,0.0,0.0,0.0,0.0,0.0,0.0,0.0,0.0,0.0,0.0,0.0,0.0,0.0,0.0,0.0,0.0,0.0,0.0,0.0,0.0,0.0,0.0,0.0,0.0,0.0,0.0,0.0,0.0,0.0,0.0,0.0,0.0,0.0,0.0,0.0,0.0,0.0,0.0,0.0,0.0,0.0,0.04718811800329457,0.0,0.04596843829202572,0.0,0.0,0.0,0.0,0.0,0.0,0.0,0.0,0.0,0.0,0.0,0.0,0.0,0.0,0.0,0.0,0.0,0.0,0.0,0.0,0.0,0.0,0.0,0.0462023464832911,0.04435691221877225,0.0,0.0,0.0,0.0,0.0,0.0,0.0,0.0,0.0451888899004325,0.0,0.0,0.0,0.0,0.0,0.0,0.0,0.0,0.0,0.0,0.0,0.0,0.0,0.0,0.0,0.04906083117333514,0.0,0.0,0.05737247197709845,0.0,0.05121895041985751,0.04703214157813408,0.0,0.0,0.0,0.04662770419940156,0.0,0.0,0.0,0.04416694598302858,0.0,0.0,0.0,0.0,0.0,0.06045861418421535,0.0,0.04700433658511672,0.04902709544136973,0.0,0.0,0.0,0.0,0.05121895041985751,0.0,0.0,0.0,0.0,0.0,0.0,0.0,0.0,0.04715739384140362,0.0,0.0,0.0,0.0,0.0,0.0,0.0,0.0,0.0,0.0
0.0,0.0,0.0,0.0,0.0,0.0,0.0,0.0,0.0,0.0,0.0,0.0,0.0,0.0,0.0,0.0,0.0,0.0,0.0,0.0,0.0,0.0,0.0,0.0,0.0,0.0,0.0,0.0,0.0,0.0,0.0,0.0,0.0,0.0,0.0,0.0,0.0,0.0,0.0,0.0,0.0,0.0,0.0,0.0,0.0,0.0,0.0,0.0,0.0,0.0,0.0,0.0,0.0,0.0,0.0,0.0,0.0,0.0,0.0,0.0,0.0,0.0,0.0,0.0,0.0,0.0,0.0,0.0,0.0,0.0,0.0,0.0,0.0,0.0,0.0,0.0,0.0,0.0,0.0,0.0,0.0,0.0,0.0,0.0,0.0,0.0,0.0,0.0,0.0,0.0,0.0,0.0,0.0,0.0,0.0,0.0,0.0,0.0,0.0,0.0,0.0,0.0,0.050413938355945036,0.0,0.0,0.05895481581554712,0.0,0.05263157894736841,0.04832929711058025,0.0,0.0,0.0,0.0479137052709674,0.0,0.0,0.0,0.0,0.0,0.060697697866688397,0.0,0.049718540382859576,0.0,0.06212607441973955,0.0,0.0,0.05037927218598783,0.0,0.0,0.0,0.05121895041985751,0.0,0.0,0.0,0.0,0.0,0.056055185467121044,0.0,0.0,0.0,0.04845800385541919,0.0493028978308275,0.04886114845703509,0.0,0.049718540382859576,0.0,0.0,0.0,0.0,0.0,0.0
0.0,0.0,0.0,0.0,0.0,0.0,0.0,0.0,0.0,0.0,0.0,0.0,0.0,0.0,0.0,0.0,0.0,0.0,0.0,0.0,0.0,0.0,0.0,0.0,0.0,0.0,0.0,0.0,0.0,0.0,0.0,0.0,0.0,0.0,0.0,0.0,0.0,0.0,0.0,0.0,0.0,0.0,0.0,0.0,0.0,0.0,0.0,0.0,0.0,0.0,0.0,0.0,0.0,0.0,0.0,0.0,0.0,0.0,0.0,0.0,0.0,0.0,0.0,0.0,0.0,0.0,0.0,0.0,0.0,0.0,0.0,0.0,0.0,0.0,0.0,0.0,0.0,0.0,0.0,0.0,0.0,0.0,0.0,0.0,0.0,0.0,0.0,0.0,0.0,0.0,0.0,0.0,0.0,0.0,0.0,0.0,0.0,0.0,0.0,0.0,0.0,0.0,0.0,0.0,0.0,0.07357261153415352,0.0,0.0,0.0,0.06973135446083806,0.0,0.0,0.0,0.0,0.0,0.0,0.0,0.08567582764766446,0.0,0.0,0.0,0.0,0.0775301809732741,0.0,0.0,0.0,0.0,0.0,0.0,0.0,0.0,0.0,0.0,0.0,0.0,0.06995402034247118,0.0,0.0,0.0,0.0,0.0,0.0,0.0,0.0,0.0,0.0,0.0,0.0,0.0,0.0
0.0,0.0,0.0,0.0,0.0,0.0,0.0,0.0,0.0,0.0,0.0,0.0,0.0,0.0,0.0,0.0,0.0,0.0,0.0,0.0,0.0,0.0,0.0,0.0,0.0,0.0,0.0,0.0,0.0,0.0,0.0,0.0,0.0,0.0,0.0,0.0,0.0,0.0,0.0,0.0,0.0,0.0,0.0,0.0,0.0,0.0,0.0,0.0,0.0,0.0,0.0,0.0,0.0,0.0,0.0,0.0,0.0,0.0,0.0,0.0,0.0,0.0,0.0,0.0,0.0,0.0,0.0,0.0,0.0,0.0,0.0,0.0,0.0,0.0,0.0,0.0,0.0,0.0,0.0,0.0,0.0,0.0,0.0,0.0,0.0,0.0,0.0,0.0,0.0,0.0,0.0,0.0,0.0,0.0,0.0,0.0,0.0,0.0,0.0,0.0,0.0443344953796851,0.0415894431665388,0.044928188488882546,0.0402110721067861,0.042175238821514395,0.0,0.0,0.0,0.04307038570937795,0.0,0.04050123454102777,0.041089254190277175,0.042700016142677245,0.0,0.045635450227785056,0.042455762816741856,0.04044654007375039,0.0,0.0,0.0,0.044308459655380564,0.0,0.0,0.04091964991086969,0.043044922871971,0.0,0.04009634698823127,0.0,0.04111789780072015,0.0,0.0,0.0,0.0,0.0,0.0,0.0,0.0,0.03992608572233718,0.0,0.04318508733913532,0.04393804489448944,0.04354436410346569,0.04182542432986648,0.044308459655380564,0.0,0.042053403500557564,0.04326280834593229,0.04034651726478496,0.0,0.0
0.0,0.0,0.0,0.0,0.0,0.0,0.0,0.0,0.0,0.0,0.0,0.0,0.0,0.0,0.0,0.0,0.0,0.0,0.0,0.0,0.0,0.0,0.0,0.0,0.0,0.0,0.0,0.0,0.0,0.0,0.0,0.0,0.0,0.0,0.0,0.0,0.0,0.0,0.0,0.0,0.0,0.0,0.0,0.0,0.0,0.0,0.0,0.0,0.0,0.0,0.0,0.03902527541680674,0.040433594658586924,0.0,0.038822824167240436,0.0,0.0,0.0,0.03992710941212382,0.0,0.0,0.03801181415407535,0.0,0.03793836130446589,0.0,0.039764366787255305,0.0,0.0,0.0,0.0,0.0,0.0,0.04063063964397028,0.0389278928956836,0.03913582882644367,0.039501723713808626,0.04063933906375607,0.03901610486670556,0.0377445497618642,0.0,0.0,0.0,0.0,0.03903381933066786,0.0,0.0,0.0397479080254628,0.0,0.0,0.0,0.0,0.038385587295607516,0.0,0.0,0.0,0.0,0.0,0.038563829787234036,0.0,0.0,0.0,0.0,0.0,0.03862284395101368,0.0,0.0,0.0,0.0,0.0,0.0,0.0,0.03946634022689456,0.0,0.0,0.0,0.0,0.038849011572691924,0.0,0.0,0.0,0.0,0.0,0.0,0.039303434855966296,0.0,0.0,0.038512650163107766,0.038436261360305465,0.0,0.0,0.0,0.0,0.0,0.0,0.04181180395958311,0.0,0.0,0.038349113754875076,0.038436261360305465,0.0,0.0,0.0,0.0,0.0,0.0,0.0,0.04155404489564866,0.0,0.0,0.03869915319172581
0.0,0.0,0.0,0.0,0.0,0.0,0.0,0.0,0.0,0.0,0.0,0.0,0.0,0.0,0.0,0.0,0.0,0.0,0.0,0.0,0.0,0.0,0.0,0.0,0.0,0.0,0.0,0.0,0.0,0.0,0.0,0.0,0.0,0.0,0.0,0.0,0.0,0.0,0.0,0.0,0.0,0.0,0.0,0.0,0.0,0.0,0.0,0.0,0.0,0.0,0.0,0.0,0.0,0.0,0.04209261170879286,0.0,0.0,0.0,0.04328990353455984,0.0,0.0,0.0,0.0,0.0,0.0,0.0,0.0,0.0,0.04942786433232869,0.0,0.0,0.0,0.04405268742547261,0.042206529675451944,0.0,0.0,0.04406211953936412,0.0,0.0,0.0,0.0,0.0,0.0,0.04232137758755338,0.0,0.0,0.0,0.04598558949502608,0.0,0.0,0.0,0.0,0.0,0.0,0.0,0.0,0.0,0.0,0.0,0.0,0.0,0.04331122336029678,0.0,0.04187578849276892,0.0,0.0,0.0,0.0,0.04485347611419462,0.0,0.0,0.04279032683406833,0.0,0.0,0.0,0.0,0.0,0.0,0.0,0.048846339804336426,0.0,0.0,0.0,0.04261370103028287,0.0,0.0,0.0,0.0,0.0,0.0,0.0,0.0,0.0,0.04181180395958311,0.0,0.0,0.0,0.0,0.0,0.0,0.0,0.0,0.04355697401468234,0.0,0.0,0.0,0.045053864942629036,0.0,0.0,0.0
0.0,0.0,0.0,0.0,0.0,0.0,0.0,0.0,0.0,0.0,0.0,0.0,0.0,0.0,0.0,0.0,0.0,0.0,0.0,0.0,0.0,0.0,0.0,0.0,0.0,0.0,0.0,0.0,0.0,0.0,0.0,0.0,0.0,0.0,0.0,0.0,0.0,0.0,0.0,0.0,0.0,0.0,0.0,0.0,0.0,0.0,0.0,0.0,0.0,0.0,0.0,0.0,0.0,0.0,0.0,0.0,0.0,0.0,0.0,0.0,0.0,0.0,0.0,0.0,0.0,0.0,0.0,0.0,0.0,0.0,0.0,0.0,0.0,0.0,0.0,0.0,0.0,0.0,0.0,0.0,0.0,0.0,0.0,0.0,0.0,0.0,0.0,0.0,0.0,0.0,0.0,0.0,0.0,0.0,0.0,0.0,0.0,0.0,0.0,0.0,0.0,0.0,0.053693290628739634,0.0,0.0,0.06278973955968864,0.0,0.056055185467121044,0.0,0.05951146077923072,0.0,0.0,0.0,0.0,0.0,0.0,0.0,0.07311909679949785,0.06464599351554542,0.0,0.05295265804399908,0.0,0.06616728385491065,0.0,0.0,0.0536563694755983,0.0,0.0,0.0,0.0,0.056055185467121044,0.06995402034247118,0.0,0.0,0.0,0.0,0.0,0.0,0.0,0.05161012547615781,0.05250997855749756,0.052039494039017115,0.0,0.05295265804399908,0.053244596681674784,0.0,0.0,0.0,0.0,0.0
0.0,0.0,0.0,0.0,0.0,0.0,0.0,0.0,0.0,0.0,0.0,0.0,0.0,0.0,0.0,0.0,0.0,0.0,0.0,0.0,0.0,0.0,0.0,0.0,0.0,0.0,0.0,0.0,0.0,0.0,0.0,0.0,0.0,0.0,0.0,0.0,0.0,0.0,0.0,0.0,0.0,0.0,0.0,0.0,0.0,0.0,0.0,0.0,0.0,0.0,0.0,0.0,0.0,0.0,0.0,0.0,0.0,0.0,0.0,0.0,0.0,0.0,0.0,0.0,0.0,0.0,0.0,0.0,0.0,0.0,0.0,0.0,0.0,0.0,0.0,0.0,0.0,0.0,0.0,0.0,0.0,0.0,0.0,0.0,0.0,0.0,0.0,0.0,0.0,0.0,0.0,0.0,0.0,0.0,0.0,0.0,0.0,0.0,0.0,0.0,0.046496542238844286,0.0,0.0,0.0,0.04423198587248289,0.0,0.0,0.0,0.0,0.052224992430873855,0.04247634593412198,0.0,0.04478235484974245,0.0,0.047860940356550766,0.044526190096110516,0.0,0.0,0.0,0.0,0.04646923683828706,0.0,0.0,0.0,0.0451440815406572,0.0,0.0,0.0,0.0,0.0,0.0,0.0,0.0,0.0,0.0,0.0,0.0,0.0,0.0,0.04529108136578383,0.046080758173352096,0.04566787887086555,0.0,0.04646923683828706,0.046725431072864046,0.04410420904546507,0.0,0.0,0.04560002553602145,0.0
0.0,0.0,0.0,0.0,0.0,0.0,0.0,0.0,0.0,0.0,0.0,0.0,0.0,0.0,0.0,0.0,0.0,0.0,0.0,0.0,0.0,0.0,0.0,0.0,0.0,0.0,0.0,0.0,0.0,0.0,0.0,0.0,0.0,0.0,0.0,0.0,0.0,0.0,0.0,0.0,0.0,0.0,0.0,0.0,0.0,0.0,0.0,0.0,0.0,0.0,0.0,0.03880799014339268,0.0402084681328502,0.0,0.0,0.0,0.038994332195778095,0.0,0.0,0.0,0.0,0.0,0.0,0.0,0.0,0.0,0.0,0.0,0.0,0.0,0.038894947244306866,0.0,0.0,0.0,0.0,0.0,0.0,0.038798870653161406,0.0,0.0,0.0,0.0,0.0,0.03881648648637468,0.0,0.0,0.03952659927182284,0.0,0.0,0.0,0.0,0.0,0.0,0.0,0.0,0.0,0.0,0.0,0.0,0.0,0.0,0.0,0.0,0.03840779933907199,0.04028388264387493,0.0,0.0,0.0,0.0,0.0,0.03868494938671297,0.03924659918893228,0.04078512623159606,0.0,0.0,0.04055182649003448,0.03863270770266714,0.0,0.0,0.0,0.0,0.0,0.0,0.039084600843968205,0.04111456555652206,0.042883867234673675,0.0382982190891124,0.03822225560456154,0.039273958271508314,0.0,0.0,0.0,0.03992608572233718,0.038349113754875076,0.0,0.0,0.0,0.0,0.03822225560456154,0.04124844432292298,0.0,0.0,0.0,0.0,0.0,0.04016751104982008,0.0,0.03853717043457659,0.0,0.03848368370451918
0.0,0.0,0.0,0.0,0.0,0.0,0.0,0.0,0.0,0.0,0.0,0.0,0.0,0.0,0.0,0.0,0.0,0.0,0.0,0.0,0.0,0.0,0.0,0.0,0.0,0.0,0.0,0.0,0.0,0.0,0.0,0.0,0.0,0.0,0.0,0.0,0.0,0.0,0.0,0.0,0.0,0.0,0.0,0.0,0.0,0.0,0.0,0.0,0.0,0.0,0.0,0.03889618053637491,0.0,0.0,0.0386943989917518,0.0,0.03908294604740295,0.0,0.0,0.0,0.0,0.0378860717845262,0.0,0.037812861915568034,0.0,0.0,0.0383852510374176,0.0,0.0,0.0,0.03898333524558764,0.0,0.0,0.0,0.0,0.0,0.0,0.03888704032228177,0.03761969149792066,0.0,0.0,0.0,0.0,0.03890469618712894,0.039396939434876564,0.03873444179911076,0.0,0.0,0.0,0.0,0.0,0.038258608491504115,0.0,0.0,0.0,0.0,0.0,0.0,0.0,0.0,0.0,0.0398146299193433,0.0,0.03849508030633621,0.0,0.0,0.0,0.0,0.0,0.0,0.03877286017199988,0.03933578631232876,0.0,0.0,0.0,0.0,0.03872049976975635,0.0,0.0,0.0,0.0,0.040867495022585194,0.0,0.03917341982931754,0.0,0.0,0.0383852510374176,0.03830911492734478,0.0393632075678809,0.0,0.0,0.0,0.0,0.038436261360305465,0.0,0.0,0.0,0.03822225560456154,0.0,0.0,0.0,0.0,0.040040540678672416,0.0,0.0,0.0,0.04141658489312546,0.038624745395106394,0.0,0.03857113711750876
0.0,0.0,0.0,0.0,0.0,0.0,0.0,0.0,0.0,0.0,0.0,0.0,0.0,0.0,0.0,0.0,0.0,0.0,0.0,0.0,0.0,0.0,0.0,0.0,0.0,0.0,0.0,0.0,0.0,0.0,0.0,0.0,0.0,0.0,0.0,0.0,0.0,0.0,0.0,0.0,0.0,0.0,0.0,0.0,0.0,0.0,0.0,0.0,0.0,0.0,0.0,0.0,0.043490519460527025,0.0,0.0,0.0,0.0,0.0,0.0,0.0,0.0,0.0,0.0,0.0,0.0,0.0,0.0,0.0,0.0,0.0,0.0,0.0,0.0,0.0,0.0,0.0,0.0,0.0419658623554773,0.0,0.0,0.0,0.0,0.0,0.0,0.0,0.0,0.0,0.0,0.0,0.0,0.0,0.0,0.0,0.0,0.0,0.0,0.0,0.0,0.0,0.0,0.04580286124143445,0.0,0.046416217565165764,0.041542869503830605,0.043572089746877915,0.0,0.0,0.04845800385541919,0.0,0.0,0.04184264216616112,0.04245013712400716,0.044114247780211197,0.0,0.0,0.04386190474349077,0.04178613620902942,0.0,0.0,0.0,0.04577596320961007,0.0,0.0,0.0,0.044470577877752306,0.04638430035061442,0.0,0.0,0.0424797294155927,0.04715739384140362,0.04845800385541919,0.0,0.04318508733913532,0.0,0.0,0.05161012547615781,0.04529108136578383,0.04124844432292298,0.0,0.0,0.04539328025022198,0.04498656068591311,0.0,0.04577596320961007,0.04602833528744991,0.043446219219824424,0.0,0.04168280062799287,0.044919719653634456,0.0
0.0,0.0,0.0,0.0,0.0,0.0,0.0,0.0,0.0,0.0,0.0,0.0,0.0,0.0,0.0,0.0,0.0,0.0,0.0,0.0,0.0,0.0,0.0,0.0,0.0,0.0,0.0,0.0,0.0,0.0,0.0,0.0,0.0,0.0,0.0,0.0,0.0,0.0,0.0,0.0,0.0,0.0,0.0,0.0,0.0,0.0,0.0,0.0,0.0,0.0,0.0,0.0,0.0,0.0,0.0,0.0,0.0,0.0,0.0,0.0,0.0,0.0,0.0,0.0,0.0,0.0,0.0,0.0,0.0,0.0,0.0,0.0,0.0,0.0,0.0,0.0,0.0,0.0,0.0,0.0,0.0,0.0,0.0,0.0,0.0,0.0,0.0,0.0,0.0,0.0,0.0,0.0,0.0,0.0,0.0,0.0,0.0,0.0,0.0,0.0,0.04660146123401386,0.0,0.047225511788243094,0.0,0.04433179491824498,0.0,0.0,0.0,0.0,0.052342837618166264,0.04257219339544482,0.0,0.04488340579774686,0.0,0.047968938102797905,0.044626663010840735,0.0,0.0,0.0,0.0,0.04657409421908595,0.0,0.0,0.0,0.04524594872142021,0.04719303807816696,0.0,0.0,0.04322038863810823,0.0,0.0493028978308275,0.0,0.04393804489448944,0.0,0.0,0.05250997855749756,0.046080758173352096,0.0,0.0,0.04539328025022198,0.0,0.04577092799520783,0.0,0.04657409421908595,0.04683086655346059,0.04420372976406021,0.0,0.04240956492546193,0.045702921549973845,0.0
0.0,0.0,0.0,0.0,0.0,0.0,0.0,0.0,0.0,0.0,0.0,0.0,0.0,0.0,0.0,0.0,0.0,0.0,0.0,0.0,0.0,0.0,0.0,0.0,0.0,0.0,0.0,0.0,0.0,0.0,0.0,0.0,0.0,0.0,0.0,0.0,0.0,0.0,0.0,0.0,0.0,0.0,0.0,0.0,0.0,0.0,0.0,0.0,0.0,0.0,0.0,0.0,0.0,0.0,0.0,0.0,0.0,0.0,0.0,0.0,0.0,0.0,0.0,0.0,0.0,0.0,0.0,0.0,0.0,0.0,0.0,0.0,0.0,0.0,0.0,0.0,0.0,0.0,0.0,0.0,0.0,0.0,0.0,0.0,0.0,0.0,0.0,0.0,0.0,0.0,0.0,0.0,0.0,0.0,0.0,0.0,0.0,0.0,0.0,0.0,0.04618391648058833,0.0,0.046802375599959284,0.0,0.04393458616367187,0.0,0.0,0.0,0.0,0.05187385066693913,0.04219075050667311,0.0,0.04448125466105591,0.0,0.0,0.04422681226561421,0.0,0.0,0.0,0.0,0.046156794671565936,0.0,0.0,0.0,0.04484054923389083,0.046770192851301684,0.0,0.0,0.04283313798031808,0.0,0.04886114845703509,0.0,0.04354436410346569,0.0,0.0,0.052039494039017115,0.04566787887086555,0.0,0.0,0.04498656068591311,0.04577092799520783,0.0,0.0,0.046156794671565936,0.04641126634973358,0.043807668461343985,0.0,0.042029579172638346,0.045293427628451025,0.0
0.0,0.0,0.0,0.0,0.0,0.0,0.0,0.0,0.0,0.0,0.0,0.0,0.0,0.0,0.0,0.0,0.0,0.0,0.0,0.0,0.0,0.0,0.0,0.0,0.0,0.0,0.0,0.0,0.0,0.0,0.0,0.0,0.0,0.0,0.0,0.0,0.0,0.0,0.0,0.0,0.0,0.0,0.0,0.0,0.0,0.0,0.0,0.0,0.0,0.0,0.0,0.0,0.0,0.0,0.0,0.0,0.0,0.0,0.0,0.0,0.0,0.0,0.0,0.0,0.0,0.0,0.0,0.0,0.0,0.0,0.040745233181492965,0.0,0.04232650944415221,0.0,0.0,0.0,0.0,0.0,0.0,0.0,0.0,0.0,0.0,0.04066303993779313,0.04117753070122165,0.0,0.0,0.0,0.0,0.0,0.0,0.0,0.0,0.0,0.0,0.0,0.0,0.0,0.0,0.0,0.0,0.0,0.0,0.04023491098287947,0.0,0.0,0.0,0.0,0.0,0.0,0.0,0.04111361369098408,0.0,0.04583219617601887,0.04566250491164318,0.0,0.0,0.0,0.0,0.0,0.0,0.0427145497877124,0.0,0.04094390886276778,0.0,0.0,0.040120117850274216,0.040040540678672416,0.04114227428260773,0.0,0.0,0.0,0.04182542432986648,0.0,0.04355697401468234,0.0,0.0,0.0,0.040040540678672416,0.0,0.0,0.0,0.04185022026431718,0.0,0.0,0.0,0.04328845642427427,0.0,0.0,0.04031440527157343
0.0,0.0,0.0,0.0,0.0,0.0,0.0,0.0,0.0,0.0,0.0,0.0,0.0,0.0,0.0,0.0,0.0,0.0,0.0,0.0,0.0,0.0,0.0,0.0,0.0,0.0,0.0,0.0,0.0,0.0,0.0,0.0,0.0,0.0,0.0,0.0,0.0,0.0,0.0,0.0,0.0,0.0,0.0,0.0,0.0,0.0,0.0,0.0,0.0,0.0,0.0,0.0,0.0,0.0,0.0,0.0,0.0,0.0,0.0,0.0,0.0,0.0,0.0,0.0,0.0,0.0,0.0,0.0,0.0,0.0,0.0,0.0,0.0,0.0,0.0,0.0,0.0,0.0,0.0,0.0,0.0,0.0,0.0,0.0,0.0,0.0,0.0,0.0,0.0,0.0,0.0,0.0,0.0,0.0,0.0,0.0,0.0,0.0,0.0,0.0,0.04699432962771744,0.0,0.04762364117017189,0.0,0.04470552914456181,0.05569180042689723,0.0,0.049718540382859576,0.0,0.052784108041719575,0.04293109349842054,0.0,0.045261790317733475,0.0,0.0,0.04500288308954985,0.0,0.0,0.0,0.0,0.04696673189823874,0.0,0.0,0.0,0.04562738961887441,0.0475908936941241,0.0,0.0,0.043584753278397774,0.0,0.049718540382859576,0.0,0.044308459655380564,0.0,0.0,0.05295265804399908,0.04646923683828706,0.0,0.0,0.04577596320961007,0.04657409421908595,0.046156794671565936,0.0,0.0,0.0472256689229875,0.0445763843514541,0.0,0.04276709400735633,0.046088214905620685,0.0
0.0,0.0,0.0,0.0,0.0,0.0,0.0,0.0,0.0,0.0,0.0,0.0,0.0,0.0,0.0,0.0,0.0,0.0,0.0,0.0,0.0,0.0,0.0,0.0,0.0,0.0,0.0,0.0,0.0,0.0,0.0,0.0,0.0,0.0,0.0,0.0,0.0,0.0,0.0,0.0,0.0,0.0,0.0,0.0,0.0,0.0,0.0,0.0,0.0,0.0,0.0,0.0,0.0,0.0,0.0,0.0,0.0,0.0,0.0,0.0,0.0,0.0,0.0,0.0,0.0,0.0,0.0,0.0,0.0,0.0,0.0,0.0,0.0,0.0,0.0,0.0,0.0,0.0,0.0,0.0,0.0,0.0,0.0,0.0,0.0,0.0,0.0,0.0,0.0,0.0,0.0,0.0,0.0,0.0,0.0,0.0,0.0,0.0,0.0,0.0,0.04725341880429096,0.0,0.04788619986765643,0.0,0.04495199970443796,0.05599884050660062,0.0,0.0,0.0,0.053075117429384734,0.0,0.0,0.04551132765716491,0.0,0.0,0.045250993021438916,0.0,0.0,0.0,0.0,0.0472256689229875,0.0,0.0,0.0,0.045878942580672176,0.0,0.0,0.0,0.0,0.0,0.0,0.0,0.0,0.0,0.0,0.053244596681674784,0.046725431072864046,0.0,0.0,0.04602833528744991,0.04683086655346059,0.04641126634973358,0.0,0.0472256689229875,0.0,0.044822142910151165,0.0,0.0,0.04634230848976659,0.0
0.0,0.0,0.0,0.0,0.0,0.0,0.0,0.0,0.0,0.0,0.0,0.0,0.0,0.0,0.0,0.0,0.0,0.0,0.0,0.0,0.0,0.0,0.0,0.0,0.0,0.0,0.0,0.0,0.0,0.0,0.0,0.0,0.0,0.0,0.0,0.0,0.0,0.0,0.0,0.0,0.0,0.0,0.0,0.0,0.0,0.0,0.0,0.0,0.0,0.0,0.0,0.0,0.0,0.0,0.0,0.0,0.0,0.0,0.0,0.0,0.0,0.0,0.0,0.0,0.0,0.0,0.0,0.0,0.0,0.0,0.0,0.0,0.0,0.0,0.0,0.0,0.0,0.0,0.0,0.0,0.0,0.0,0.0,0.0,0.0,0.0,0.0,0.0,0.0,0.0,0.0,0.0,0.0,0.0,0.0,0.0,0.0,0.0,0.0,0.0,0.044602577508753946,0.0,0.04519986056549369,0.0,0.04243026434329894,0.0,0.0,0.0,0.0,0.0,0.04074613768231063,0.04133771297278602,0.04295821489154692,0.0,0.04591139897950325,0.042712484612934205,0.04069111248815545,0.0,0.0,0.0,0.0445763843514541,0.0,0.0,0.0,0.04330520720520399,0.0,0.0,0.0,0.041366529785608,0.0,0.0,0.0,0.042053403500557564,0.0,0.0,0.0,0.04410420904546507,0.04016751104982008,0.0,0.043446219219824424,0.04420372976406021,0.043807668461343985,0.0,0.0445763843514541,0.044822142910151165,0.0,0.0,0.04059048486058651,0.043742579027143375,0.0
0.0,0.0,0.0,0.0,0.0,0.0,0.0,0.0,0.0,0.0,0.0,0.0,0.0,0.0,0.0,0.0,0.0,0.0,0.0,0.0,0.0,0.0,0.0,0.0,0.0,0.0,0.0,0.0,0.0,0.0,0.0,0.0,0.0,0.0,0.0,0.0,0.0,0.0,0.0,0.0,0.0,0.0,0.0,0.0,0.0,0.0,0.0,0.0,0.0,0.0,0.0,0.0,0.0,0.0,0.0,0.0,0.0,0.0,0.0,0.0,0.0,0.0,0.0,0.0,0.0,0.0,0.0,0.0,0.0491231542065734,0.0,0.0,0.0,0.04378111388883298,0.0,0.0,0.0,0.0,0.0,0.0,0.0,0.0,0.0,0.0,0.04206047713269788,0.0,0.0,0.0,0.0,0.0,0.0,0.0,0.0,0.0,0.0,0.0,0.0,0.0,0.0,0.0,0.0,0.0,0.04304422075973935,0.0,0.041617634980573005,0.0,0.0,0.0,0.0,0.044576965920360916,0.0,0.0,0.042526535427200064,0.0,0.04740727801344472,0.04723175509248723,0.0,0.0,0.0,0.0,0.048545214628375105,0.0,0.04418248973337992,0.0,0.042350998476263294,0.0,0.0,0.04149889683565516,0.04141658489312546,0.042556180976584465,0.0,0.0,0.0,0.04326280834593229,0.04155404489564866,0.045053864942629036,0.0,0.0,0.0,0.04141658489312546,0.0,0.0,0.0,0.04328845642427427,0.0,0.0,0.0,0.0,0.041757817941388206,0.0,0.0
0.0,0.0,0.0,0.0,0.0,0.0,0.0,0.0,0.0,0.0,0.0,0.0,0.0,0.0,0.0,0.0,0.0,0.0,0.0,0.0,0.0,0.0,0.0,0.0,0.0,0.0,0.0,0.0,0.0,0.0,0.0,0.0,0.0,0.0,0.0,0.0,0.0,0.0,0.0,0.0,0.0,0.0,0.0,0.0,0.0,0.0,0.0,0.0,0.0,0.0,0.0,0.0,0.0,0.0,0.0,0.0,0.039404952143493634,0.0,0.0,0.0,0.0,0.0,0.0,0.0,0.0,0.0,0.0,0.0,0.0,0.0,0.03930452064394018,0.0,0.0,0.0,0.0,0.0,0.0,0.03920743234256374,0.0,0.0,0.0,0.0,0.0,0.0,0.0,0.0,0.0,0.0,0.0,0.0,0.0,0.0,0.0,0.0,0.0,0.0,0.0,0.0,0.0,0.0,0.0,0.0,0.04336526423235602,0.038812242950961466,0.04070808187626486,0.0,0.0,0.0,0.0,0.0,0.03909231145704663,0.03965987557038334,0.041214603682747354,0.0,0.0,0.040978847237293496,0.039039519655166645,0.0,0.0,0.0,0.04276709400735633,0.0,0.0,0.03949617134284113,0.04154751208512024,0.0,0.03870150879390883,0.038624745395106394,0.03968752275085526,0.0,0.0,0.0,0.04034651726478496,0.0,0.0,0.0,0.0,0.03853717043457659,0.038624745395106394,0.04168280062799287,0.04240956492546193,0.042029579172638346,0.0,0.04276709400735633,0.0,0.04059048486058651,0.041757817941388206,0.0,0.041967131623519165,0.038888926397516545
0.0,0.0,0.0,0.0,0.0,0.0,0.0,0.0,0.0,0.0,0.0,0.0,0.0,0.0,0.0,0.0,0.0,0.0,0.0,0.0,0.0,0.0,0.0,0.0,0.0,0.0,0.0,0.0,0.0,0.0,0.0,0.0,0.0,0.0,0.0,0.0,0.0,0.0,0.0,0.0,0.0,0.0,0.0,0.0,0.0,0.0,0.0,0.0,0.0,0.0,0.0,0.0,0.0,0.0,0.0,0.0,0.0,0.0,0.0,0.0,0.0,0.0,0.0,0.0,0.0,0.0,0.0,0.0,0.0,0.0,0.04235675198994652,0.0,0.0,0.0,0.0,0.0,0.0,0.0,0.0,0.0,0.0,0.0,0.0,0.0,0.0,0.0,0.0,0.0,0.0,0.0,0.0,0.0,0.0,0.0,0.0,0.0,0.0,0.0,0.0,0.0,0.04611529641705899,0.0,0.0,0.0,0.04386930815514798,0.0,0.0,0.0,0.0,0.05179677649914366,0.04212806348918434,0.0,0.044415164412473604,0.0,0.047468507227998544,0.04416110006754538,0.0,0.0,0.0,0.0,0.046088214905620685,0.0,0.0,0.0,0.044773925145428925,0.0,0.0,0.0,0.0,0.0,0.0,0.0,0.0,0.0,0.0,0.0,0.04560002553602145,0.0,0.0,0.044919719653634456,0.045702921549973845,0.045293427628451025,0.0,0.046088214905620685,0.04634230848976659,0.043742579027143375,0.0,0.041967131623519165,0.0,0.0
0.0,0.0,0.0,0.0,0.0,0.0,0.0,0.0,0.0,0.0,0.0,0.0,0.0,0.0,0.0,0.0,0.0,0.0,0.0,0.0,0.0,0.0,0.0,0.0,0.0,0.0,0.0,0.0,0.0,0.0,0.0,0.0,0.0,0.0,0.0,0.0,0.0,0.0,0.0,0.0,0.0,0.0,0.0,0.0,0.0,0.0,0.0,0.0,0.0,0.0,0.0,0.03916221806902173,0.0,0.0,0.0,0.0,0.039350260996882276,0.0,0.0,0.0,0.0,0.03814520049382993,0.0,0.038071489892598454,0.0,0.0,0.03864779397441557,0.0,0.0,0.0,0.039249968888790246,0.0,0.0,0.0,0.0,0.0,0.0,0.03915301533876449,0.03787699825058965,0.0,0.0,0.0,0.0,0.0391707919641248,0.03966640199949236,0.03899937309011632,0.0,0.0,0.0,0.0,0.0,0.038520285233673235,0.0,0.0,0.0,0.0,0.0,0.0,0.0,0.0,0.0,0.04008694935433468,0.0,0.03875837444068345,0.0,0.0,0.0,0.0,0.0,0.0,0.039038054232485395,0.03960483060899094,0.0,0.044150251049017486,0.0,0.0,0.03898533570170509,0.0,0.0,0.0,0.0,0.0411470157207961,0.0,0.039441353590756754,0.0,0.0,0.03864779397441557,0.03857113711750876,0.03963243941722997,0.0,0.0,0.0,0.0,0.03869915319172581,0.0,0.0,0.0,0.03848368370451918,0.03857113711750876,0.0,0.0,0.0,0.04031440527157343,0.0,0.0,0.0,0.0,0.038888926397516545,0.0,0.0
