0,1,2,3,4,5,6,7,8,9,10,11,12,13,14,15,16,17,18,19,20,21,22,23,24,25,26,27,28,29,30,31,32,33,34,35,36,37,38,39,40,41,42,43,44,45,46,47,48,49,50,51,52,53,54,55,56,57,58,59,60,61,62,63,64,65,66,67,68,69,70,71,72,73,74,75,76,77,78,79,80,81,82,83,84,85,86,87,88,89,90,91,92,93,94,95,96,97,98,99,100,101,102,103,104,105,106,107,108,109,110,111,112,113,114,115,116,117,118,119,120,121,122,123,124,125,126,127,128,129,130,131,132,133,134,135,136,137,138,139,140,141,142,143,144,145,146,147,148,149
0.0,0.06138889636871203,0.0645289938703966,0.011948031714724361,0.8007374029168086,0.0912844342804518,0.11987325010376237,0.685254845275988,0.00386179248510143,0.10958188581149653,0.2873026385960721,0.25997998593329863,0.03933065083394795,0.007707321535615636,0.03975963412516737,0.01214400910010401,0.14594858201262506,0.8948393168143698,0.053094452984486715,0.37532690465593127,0.24264000724327572,0.43515617282440866,0.11824695710641858,0.19402210492453303,0.11458417055141777,0.09470176852338306,0.3660307929929849,0.8007374029168072,0.8179062456631283,0.06138889636871208,0.05422519293384145,0.29739973822102644,0.11109150340162596,0.04098391047693505,0.10930705244733428,0.2873026385960734,0.32912266170111126,0.5742443960293823,0.007424994177605221,0.8099210455648624,0.7396994347292818,0.0013343966940743944,0.02113234111470374,0.21707220656304363,0.09900287846059345,0.03933065083394795,0.3140723051866544,0.037943710298627295,0.43515617282440816,0.5737534207374334,3.377553382487369e-30,3.2907621381315738e-40,9.7452781582697e-38,3.823632091495977e-24,4.145896894115305e-45,1.3619113792477823e-37,5.51111851027671e-38,6.777868794104305e-09,6.742708281257719e-40,4.6463181119103565e-20,4.071170908158336e-10,6.91430592676129e-33,5.393742010315509e-21,4.742176895999108e-42,1.4116882182937953e-16,6.8608276459963295e-34,1.3341211694666575e-33,4.486305607938889e-28,1.9119601212274462e-28,7.052395713956302e-24,2.450259956236738e-39,9.929258651895887e-26,5.2707557267836514e-42,6.046769655698994e-34,3.071675456033853e-33,2.2662796227139452e-34,2.575437342592124e-37,1.4029557858771753e-47,1.4162965566985566e-37,1.844567837652101e-13,9.793647977190768e-21,7.18972218621912e-18,1.4753879064736902e-28,3.093350011308517e-50,2.6353358302119633e-25,2.106650129395543e-28,2.7765637149158166e-39,1.5887471335348414e-27,2.540990438036378e-27,2.757972823976234e-28,2.7388964165670295e-31,1.238492569699064e-40,2.3944770243011846e-29,2.0047258586284755e-09,1.2590294664313318e-35,1.1891952950977814e-28,4.606754946539309e-34,3.9960567756400325e-33,2.083934569935612e-06,1.4844409931756359e-33,8.111688362642912e-54,1.5556160893321597e-47,9.696157093437768e-67,8.309278645105909e-54,2.540580519209623e-73,3.2806805814758596e-53,5.962045519114237e-19,2.5455527761461703e-50,1.3905806077100437e-49,5.520546528559999e-49,4.477061431594955e-50,7.601794527389455e-54,1.9253014328211142e-73,1.2736566454780663e-38,1.3507330188196767e-36,2.748616621336433e-57,7.552858696892781e-61,1.6395348985003015e-42,8.193893519477989e-43,7.893364981269792e-35,4.988722018133932e-60,9.445561600715565e-36,2.502909788427091e-46,8.799403594142394e-48,3.990990576309163e-67,2.1308040692357727e-51,1.763822715206235e-48,3.3266082170887515e-49,1.2043617875238031e-61,1.115755346515421e-45,1.6380442557253115e-50,1.5385791304968095e-39,1.1040191631069068e-63,2.930840501759958e-47,9.089836665704968e-40,4.89298359936114e-53,8.371986087565788e-52,8.219775138921065e-57,1.5077534550091152e-46,1.488604233826809e-60,1.0927656633768797e-73,1.1905387728109734e-45,1.5556160893321597e-47,5.4186953340236164e-64,1.1202734246309204e-62,9.96740868423645e-54,3.903773056506312e-46,2.5855426114608694e-58,2.0983792315240685e-47,2.796309989997869e-43
0.06138889636871203,0.0,0.4397346350106151,0.3663529660854155,0.028429536404769026,0.0015155418692144875,0.17049046197083056,0.14030158255782152,0.2294752394547654,0.7701911994892041,0.0030690855641949065,0.1737739434504453,0.8520345904944227,0.14115594303943121,0.0013280247582186451,0.00024914590808335795,0.002098218418080912,0.0557570540864199,0.0016967302597694852,0.004513793949240871,0.039657066618948376,0.009621871791142645,0.06819559782114076,0.13519441903658394,0.10524794588318917,0.7116230665111012,0.11349792780565776,0.03446273890726426,0.1134979278056578,0.36787944117144233,0.5931944837706187,0.03992932776983728,0.0015949059955198855,0.00047069097805174474,0.8331228357224401,0.49939142353138616,0.029895156375205713,0.051696208051274714,0.2294752394547652,0.14704318625996832,0.08741510515617851,0.12120140161080746,0.18297320617275142,0.055148395537691755,0.006021921503643601,0.8520345904944228,0.003868375611695561,0.33846542510674116,0.005070939993190666,0.3820321740542624,1.9180954860180144e-27,2.97688120212512e-36,6.603630187292788e-34,2.037907507583155e-19,1.454773808237786e-39,3.453997706486825e-32,2.815083445688545e-34,1.1757061262661098e-06,2.3827517864290186e-35,1.5876796628028172e-16,1.812913840954201e-07,7.151325300256735e-29,3.978797798512135e-17,9.485797354923753e-37,3.1621966895844424e-14,1.3267261089004753e-30,3.5785858085593376e-29,8.262176854262051e-24,9.091493419320379e-24,1.515557614400529e-19,7.312167885985872e-35,2.341985088630796e-22,5.676073824276076e-36,1.7924877309979644e-29,2.1705220113039786e-29,9.653373396518336e-31,6.173793248709361e-33,2.8570226950113913e-42,9.120280543913742e-33,4.24571836162019e-11,1.2308846293212869e-16,2.9883251107552636e-14,3.623167638435008e-24,3.1591037725876965e-43,7.557939531331332e-22,9.280090003453254e-26,2.834130468337227e-35,3.579501575996616e-23,9.854805536754254e-24,3.7207533643072616e-23,4.14858774285848e-26,8.542427904475171e-36,1.3076235542027046e-24,5.28200594300078e-07,5.22819839648771e-30,5.491446012602191e-25,2.1702175265312182e-29,4.1326432921638213e-29,7.574728113824425e-05,1.2208248623329402e-28,1.2123106427753046e-47,9.760070722116146e-41,4.273599834620856e-59,4.740000010569959e-47,1.8632873617041604e-64,3.8101096035234986e-47,1.5261012984901994e-15,1.9035514060959985e-44,6.382728717332733e-43,3.8978186318391036e-44,1.0569750492006544e-44,9.440757015581522e-47,5.892053819804058e-65,1.1492074675680933e-32,1.3904266673503063e-31,7.070990144864744e-51,1.2259016270553772e-53,1.9866456786891212e-38,1.5166586767048993e-37,3.850534135154572e-29,1.7898111991981019e-53,1.148491368115961e-30,7.294586601871496e-41,2.0945152578269423e-41,6.271382188060091e-60,6.707516904134552e-46,3.679531135668514e-42,3.312334959607885e-43,9.878696322678292e-54,1.3366694691400696e-40,1.4773546086224688e-44,6.279849820234642e-36,1.682037912830004e-55,3.4535736494518495e-41,3.3807025309978844e-34,3.7650024722922683e-47,3.3681411154879043e-46,3.093010846951467e-50,8.416822843242266e-41,6.524731963768626e-54,3.052029509015811e-65,9.78635249698354e-41,9.760070722116146e-41,7.61766792219292e-57,7.319620246748951e-56,1.54239486178149e-47,1.477712813261327e-39,1.779166967042376e-51,2.5012380006256536e-42,8.149918702386073e-38
0.0645289938703966,0.4397346350106151,0.0,0.5488116360940267,0.06452899387039611,0.0008658067774080395,0.5934815247408597,0.13108771025837687,0.3077923294055864,0.3854042138927062,0.0013710160291669862,0.278588554453097,0.5412139464548137,0.31172589770666537,0.0006785718240772143,0.00017626382296404328,0.002014221887137905,0.058073263942011163,0.00043183967633799884,0.008087955882599175,0.0076043350713216945,0.013601376275878107,0.2854092003872649,0.05131108434798484,0.09003084906356153,0.1940221049245332,0.0838267816850509,0.01821423763881717,0.05724655759292966,0.43973463501061544,0.35035482645324795,0.009293068939799858,0.0026499895816201836,0.0004559330096143099,0.40656965974059867,0.4294911020673592,0.010810171175812606,0.1452167765227514,0.4465402331752071,0.090717953289413,0.16339594397044413,0.05144294728165044,0.572263170198046,0.05144294728165063,0.004933915058617486,0.5412139464548137,0.005767936120650907,0.8331228357224398,0.0033430319125924224,0.31364239587092835,1.2564814914822737e-32,3.636322400862585e-43,3.2680220242160578e-40,7.980931159309703e-24,1.6231380591633166e-47,1.6176370942885464e-38,2.0510350935642586e-40,3.1909591182648075e-08,1.738175556907486e-42,7.370896876998767e-20,2.8654674508341364e-09,1.2405428778847917e-34,2.363640725864436e-21,7.980354592877954e-44,1.960458662912694e-17,9.905368934585055e-37,1.6674408002258232e-34,3.4299601440031847e-29,7.746415430447791e-29,3.600026788289036e-24,8.266330907154586e-41,2.351842169313423e-27,4.83492581308243e-43,2.656475476463146e-35,1.375331164890197e-35,5.50280964562703e-37,2.0160536592909485e-39,5.209480648142953e-50,3.680870105439383e-39,5.19024742638919e-14,1.1520153122991183e-20,7.75984960976885e-18,8.923092056927207e-30,4.2185656112481094e-51,1.095195695499555e-25,3.0225858566897607e-30,5.448830373875757e-42,2.75322624045351e-28,1.7650118273499395e-28,2.648631299507603e-28,2.0625188212692947e-31,1.1004658770866206e-42,2.820992119957668e-30,9.550554066839132e-09,2.6676622814791147e-36,5.068742926533631e-30,2.144382126667481e-35,3.378085012424425e-35,4.31605013362964e-06,9.809515593156617e-35,9.792081351559105e-55,7.690369893789607e-48,7.827007870448782e-69,5.65314788627115e-55,7.099822704284981e-75,1.5434265885001777e-54,3.546422481819335e-18,1.0993439983828767e-51,2.18614055626356e-50,9.67805670000991e-51,2.501296284280216e-52,4.573084991678475e-55,5.62433328803692e-76,1.9455034836605845e-38,9.614311134503608e-37,3.7806946608763527e-59,8.74193369463383e-63,5.182703307689939e-44,2.14485367570808e-43,8.161385836863303e-35,4.329954201367868e-62,7.049150604719127e-36,2.4943814728595925e-47,3.574559713467308e-49,1.562607955125568e-69,2.3099789531151593e-53,4.874108085778507e-50,6.742163070338153e-51,9.211563025599866e-63,1.651401899258453e-47,5.575059866396885e-52,2.7078312784706117e-41,9.14102289741846e-65,8.462614582587914e-49,3.554303388856608e-40,9.136824336177125e-55,3.119777048106405e-53,1.1996420382694265e-58,4.3169717128539916e-48,4.659486944789149e-63,8.029518869517146e-76,1.0473825720235304e-47,7.690369893789607e-48,7.929707403943625e-66,1.4088138339437007e-64,1.1902465156919468e-55,5.829184998790239e-47,2.0596137572162872e-60,7.38511670425575e-49,2.979848855257826e-44
0.011948031714724361,0.3663529660854155,0.5488116360940267,0.0,0.011948031714724245,0.000295289436050139,0.4404794035190909,0.05038450844199426,0.5722631701980472,0.3854042138927055,0.00021357071821474197,0.2785885544530972,0.5412139464548137,0.28397147354657876,0.00010326261809195642,4.1737238987638656e-05,0.0002543761643393403,0.010752704447093845,0.00014174661978111664,0.0017666734447230239,0.004319039604837887,0.003343031912592458,0.08970631501844323,0.05131108434798491,0.18214747158154562,0.261416388017454,0.05724655759292974,0.004163991049925645,0.01245132905292816,0.7604375567909086,0.6208093216863828,0.002724063950927701,0.0006602064106687013,7.75239370882612e-05,0.40656965974059783,0.11109150340162552,0.0019040842459772894,0.0425358142573822,0.5722631701980472,0.03337326996032632,0.029369117549400296,0.08934683525031938,0.5722631701980472,0.034002499553881654,0.004395858064499693,0.5412139464548137,0.0017666734447230206,0.8331228357224404,0.0005785456149155196,0.10930705244733438,3.6665509922795125e-31,1.2041401314835817e-40,2.872083745038413e-38,2.071625664203403e-21,1.201733048786975e-44,3.2025019845838354e-35,4.78558374477749e-38,5.196289878823639e-07,5.303270307743816e-40,1.0535938259456977e-17,4.740838739427723e-08,5.355787033105257e-32,1.7302803399422421e-19,9.88023877882255e-41,9.185904383357367e-16,8.099171733141439e-35,1.192683019104105e-31,1.6870303808841825e-26,9.186693438162159e-27,1.098388197759588e-21,4.271716108058894e-38,2.6759405988165367e-25,3.5747423257579903e-40,1.0354463050450291e-32,2.5787832794803798e-33,6.494580293840123e-35,2.6524192427247344e-37,2.1449587709130725e-47,2.663032671661133e-36,1.4204756643715752e-12,2.035766414018058e-18,7.851427420089611e-16,4.572147475483707e-27,1.5700017157309512e-47,1.919256062727459e-23,2.691457473323759e-28,8.624992634433855e-40,2.8824038311418544e-26,6.696343757494987e-26,1.9349712544593584e-25,2.125467434576235e-28,1.0669636805684772e-39,1.6127430800314421e-27,1.6788275299957257e-07,6.662469063790584e-33,2.1880516131046057e-27,2.747011811997131e-32,1.0016548616610689e-32,2.9767312619757567e-05,1.326419778449806e-31,4.568496986779622e-52,1.7614231991282796e-44,7.567630301728935e-66,9.053080918543564e-52,4.74075116303661e-71,1.6814502330113974e-52,2.0841843856470594e-16,1.7096720404242693e-49,1.076182707468367e-47,6.738582717158667e-49,1.2925719703938354e-49,7.359092299581834e-52,2.4032940978766246e-72,1.1839626707022985e-35,1.928504868899869e-34,3.8587979256844787e-56,2.3853338476583825e-59,1.3164339156590753e-42,8.683191680144349e-42,3.001527152865259e-32,2.182559225311362e-59,2.9421179557631868e-33,1.4746387784256948e-45,4.160444494188258e-46,2.8720317964971736e-66,4.094047931635995e-51,7.855729624280194e-47,1.2398344076608146e-47,2.6158389100480513e-59,2.0842303108335813e-45,7.868601432817058e-50,4.726982567709382e-40,2.960433440630862e-61,1.093522879709682e-45,1.6227596206590526e-37,7.691423668711364e-53,1.338149266509557e-50,2.181082757684558e-55,6.957778115507168e-45,3.385519421762319e-60,2.633240053868219e-72,1.2068973696026731e-45,1.7614231991282796e-44,7.119666316212343e-63,1.0012550591078035e-61,5.272721122519367e-53,4.854791277684832e-44,3.5885149994317087e-57,2.5526384169116764e-46,2.7660677362472433e-41
0.8007374029168086,0.028429536404769026,0.06452899387039611,0.011948031714724245,0.0,0.0912844342804515,0.19206607553078317,0.5326233375805536,0.003861792485101375,0.059958304536367114,0.2011775451766621,0.31515189867220156,0.022585405833582754,0.009381690782232865,0.031024670497437085,0.014033625555212365,0.14594858201262478,0.7165313105737893,0.03464190405312826,0.536006192684444,0.11514853466404262,0.5235356095460578,0.19658676029849445,0.1240591539679435,0.12968475695806034,0.04316622987561178,0.2993788716939894,0.5134171190325915,0.44752169938037245,0.06138889636871162,0.03627506129959565,0.13250562142111016,0.17435669158055475,0.04988741852335462,0.0580732639420108,0.16834470053072478,0.17117904623648617,0.831187344069527,0.00846208832953989,0.5312856091329674,0.7396994347292809,0.0008019605979503196,0.03128181353758904,0.21707220656304282,0.12629004081610506,0.022585405833582754,0.44852819886453366,0.04599597272979438,0.36169630354538,0.3678794411714417,4.818204789513815e-31,3.0973314697234834e-41,1.0161350008701141e-38,5.629963144088508e-25,1.818042545877989e-46,1.7767288041715645e-38,9.145844944371182e-39,3.420125161478715e-09,4.008613589733324e-41,1.5976823960760632e-20,1.6762751195844328e-10,9.452736991452824e-34,6.167932495662101e-22,4.4634322137038594e-43,3.789293161080137e-17,5.997399701331397e-35,3.2529335176098415e-34,4.852339217927667e-29,2.0205730825908394e-29,9.053500808282491e-25,5.8237058336930555e-40,1.1102615162910114e-26,3.6530707756088364e-43,7.722408208685188e-35,2.360343266761029e-34,1.833543473421065e-35,1.9677326780966458e-38,1.0069795273968145e-48,1.6052929820028375e-38,4.080973823568352e-14,1.5294461551001109e-21,1.2741645471254653e-18,1.276861194214373e-29,2.806223818336482e-51,1.0983627640023749e-25,6.794586979552854e-29,2.427136091121633e-40,1.5045716328219163e-28,5.687260286079309e-28,3.427862462776247e-29,4.544598237379916e-32,1.274226195690217e-41,2.019023238580785e-30,8.626323261986652e-10,1.3089959837503972e-36,2.3230216809508627e-29,5.973636449931554e-35,3.6251409191430957e-34,1.0786442763547514e-06,1.5433533129998864e-34,2.1819995925521712e-54,2.2188715966101275e-48,5.826851236508744e-68,1.0062813336985734e-54,1.859106315901204e-74,4.36568818849106e-54,3.319697241101382e-19,3.1650408795909657e-51,1.2816498760521423e-50,1.2723659152543559e-49,5.187689263572813e-51,5.456231434814552e-55,7.32413514625174e-75,2.3513826616034817e-39,3.793280625170225e-37,3.47122905296347e-58,5.803783448211763e-62,5.007810479218468e-43,1.5701341257581723e-43,9.606234453261079e-36,5.049132032011956e-61,2.5950209045620267e-36,3.9326499255982584e-47,5.947481083264035e-49,3.798034163883003e-68,2.6961879965798267e-52,1.25719866730142e-49,3.598023167635989e-50,9.743941890574494e-63,1.2978450206332085e-46,1.6249621439138136e-51,4.2572026604285326e-40,8.568467454922062e-65,2.464370730584179e-48,1.625525271924541e-40,4.903527570402573e-54,2.1143897121589814e-52,9.19111922577022e-58,1.8739747638612912e-47,9.478832424259077e-62,6.645114842461815e-75,1.301887345728162e-46,2.2188715966101275e-48,5.9230161507215344e-65,1.4352703231676252e-63,8.354385283634864e-55,2.81477873579144e-47,1.7965242392788217e-59,5.76497004803945e-48,5.641964491665788e-44
0.0912844342804518,0.0015155418692144875,0.0008658067774080395,0.000295289436050139,0.0912844342804515,0.0,0.012157482057139875,0.030197383422318435,0.0003728608655791751,0.00299147291416218,0.5454786969923039,0.02730746450990436,0.000845212360590515,0.001025693894380249,0.3401880822753497,0.45889949473995184,0.5588275370218531,0.11027337607701401,0.7168596935420787,0.46878341991786693,0.29361858925162515,0.4102280266952291,0.026482804814188837,0.14315106812664566,0.08879496758895787,0.01063674128153766,0.09133948535287739,0.17138647115072383,0.09133948535287739,0.0036278660318706073,0.0025214270094725045,0.2646855342909851,0.5112889476777818,0.526833908389573,0.0030370799884864136,0.008671469939241503,0.25377398375715576,0.06551077962351576,0.0005817000433968494,0.08126985815266805,0.06129640257890523,0.0006759733033718933,0.0019044600940189408,0.21743522631397735,0.6169015121637248,0.0012854984806352171,0.4687834199178668,0.0010344726050905422,0.505915740723884,0.01666215790923471,2.497247221502328e-14,9.167809290292181e-19,4.43569287419979e-18,9.377442921218818e-13,8.553406387851593e-22,1.511984847915652e-18,7.687717540658801e-18,2.7291664006070268e-05,3.82709781139245e-19,2.3977318650134223e-10,4.290559875480997e-06,1.2345643161951437e-15,4.674795847152013e-11,2.1700691240471675e-20,4.2942895656179814e-08,6.713540690716432e-16,2.3057582911052176e-16,6.14187224200906e-14,1.1964788605727474e-14,2.643407643199267e-12,7.143866862560134e-19,2.0512806421184326e-12,4.8255341881627964e-21,1.092217859539455e-16,7.656906073175512e-16,2.904526531078869e-16,3.536847010921878e-18,5.897932984292728e-23,3.6294635183209686e-18,5.694158564244514e-07,5.893000810399453e-11,1.5347288185527533e-09,4.666915592445111e-14,5.082917051305009e-25,1.5699617993248311e-12,2.985539736861507e-13,1.2128347642087642e-18,4.8614019070718e-14,3.707414713371437e-13,1.5464104556430774e-14,6.155771549238862e-16,1.8172003424052406e-19,1.1641742727388293e-14,1.3201911506688516e-05,1.0009211818217655e-17,8.896108169710439e-14,1.7132225482154727e-16,7.620435526355038e-16,0.0007625993467348345,2.15820235005894e-16,1.148561507264507e-26,8.105078856693043e-24,5.493013929383496e-33,1.0896228242420735e-26,2.992775609322062e-36,8.487170281793047e-27,3.9512411583348503e-10,2.8722796930811158e-25,4.239448471819505e-25,4.830681358715952e-24,4.7848916341533196e-24,9.600295909703115e-27,6.73862206908632e-36,1.0863393024539422e-19,2.2551835972254935e-18,8.666478999531243e-28,8.041860704893393e-30,3.937178271204197e-21,5.473754294995294e-22,4.952621684792977e-18,2.2502208963335207e-29,6.456844584869757e-18,1.4974087912014754e-23,1.499775215224507e-23,1.2186321383210532e-32,2.4250038314970793e-25,1.0803109109539563e-23,7.882064096250564e-24,1.1513335715829386e-30,1.3315004428961172e-22,2.452320073657051e-25,1.567490272006498e-19,1.1011615781107117e-31,2.8769542709797385e-23,3.26969270364276e-20,1.8719393643875926e-26,2.9579027308767656e-25,9.28564028176873e-28,1.5749746366572928e-22,1.992682228799011e-29,4.390819401965365e-36,4.03168065536434e-22,8.105078856693043e-24,1.755656357280859e-31,1.2485775778602622e-30,3.381582350056136e-26,4.034373124966242e-23,2.3654346664811297e-28,5.556328196678524e-23,3.0048736061529358e-21
0.11987325010376237,0.17049046197083056,0.5934815247408597,0.4404794035190909,0.19206607553078317,0.012157482057139875,0.0,0.20117754517666228,0.24988599364201,0.19504229911701618,0.008874654156910813,0.54206333198075,0.20826810121642686,0.2669773944818518,0.004478243199673796,0.003342265471318611,0.016117593723183866,0.1296712440591099,0.004044429003480517,0.0709520266668458,0.020239028240651418,0.09504606390792175,0.4700907995410389,0.12803130442936675,0.2689945045967801,0.12802169265485297,0.2248312823035646,0.0466944770786392,0.07211627718436335,0.5064073887906628,0.2782586232938976,0.022983726128193924,0.027717651568423998,0.006258274680161244,0.22521225069901163,0.20703819809686194,0.02059099625819401,0.32912266170111026,0.3616963035453806,0.13365930993517053,0.27825862329389706,0.04228940596816588,0.6298647510473478,0.2137317618207333,0.05595424725376152,0.2705114369207421,0.05514839553769164,0.7116230665111015,0.01979506325819797,0.2431167344342143,5.364449674652456e-24,2.590964394497347e-31,1.6522474120035078e-29,1.1966116245752667e-17,7.002513883214159e-35,6.204175413816007e-28,3.4656567909216597e-29,3.542282987706981e-06,3.0528360220209404e-31,2.391970387278284e-14,4.2022908233511557e-07,5.125729752789497e-25,3.824246628097217e-16,6.873253996088806e-32,1.1709661291474519e-12,6.1345482095320665e-27,8.836956987932774e-25,1.881822039424663e-21,1.6858115148510347e-21,7.261092229720551e-18,2.6882808786003465e-29,4.163379323615426e-20,1.0285022438651712e-31,7.556936224034472e-26,3.863695535266745e-26,3.80660104862882e-27,4.131785223768646e-29,1.470076107600916e-36,1.9643823267592526e-28,1.6918979226151545e-10,2.3460624357155655e-15,2.4905806456017656e-13,7.725445675058492e-22,3.139998693190544e-37,2.0246410926865985e-18,1.1367044138262236e-21,1.023498182569132e-30,3.8739976286872425e-21,1.7956519533353032e-20,9.526734413671812e-21,6.573588707108513e-23,5.646394982685458e-31,2.7804917708925245e-22,1.2525560390287974e-06,2.2581207340783713e-26,1.1566633935944577e-21,1.4083307004396273e-25,9.598242196540631e-26,0.00012132847548441454,3.315999239774461e-25,1.4298421756289022e-39,1.0550936897210016e-34,2.2338962782914327e-50,5.119308841014296e-40,2.083191923708631e-54,3.985986566258426e-40,3.4899280696696033e-13,4.907210135154896e-38,4.194010174001711e-37,6.388611406620406e-37,6.409713409192376e-38,2.964315175491352e-40,2.1408303193045965e-55,5.384922077779948e-28,1.3473242370472467e-26,9.29622581876021e-43,1.0590223491385037e-45,3.4170217706183843e-32,4.371849247274593e-32,9.370669870225762e-26,3.351788234160656e-45,6.633429771839689e-26,5.942717440977394e-35,5.975909530824038e-36,1.9617050273025898e-50,4.397675397435241e-39,1.9534540865664492e-36,8.0649901329529e-37,9.843493175432284e-46,6.013036760861453e-35,2.5367470890490227e-38,2.8401784552905625e-30,3.61150963764549e-47,1.1541956826539642e-35,1.863123466913576e-29,2.6119355006630817e-40,2.2835747563310343e-38,1.4295430986272471e-42,9.96221599733147e-35,5.441982291082851e-46,4.4117870964112046e-55,8.205005649735216e-35,1.0550936897210016e-34,7.12054420720717e-48,8.303876513478184e-47,1.53628840967319e-40,1.8142060642038996e-34,6.343243335966069e-44,3.7536107369151353e-35,5.876199165842319e-32
0.685254845275988,0.14030158255782152,0.13108771025837687,0.05038450844199426,0.5326233375805536,0.030197383422318435,0.20117754517666228,0.0,0.010094689724025737,0.2854848428733393,0.0800277874589939,0.5795260146937596,0.09963650745999678,0.010361260878703244,0.006036090062904011,0.0018877144414417145,0.028318908841096217,0.6041379997849354,0.01445676614508662,0.16230555469368596,0.1844626067550347,0.2304782522295796,0.07473872758144537,0.28146944463909007,0.24568014499113563,0.21992243327169514,0.5656369247619061,0.5326233375805539,0.5656369247619056,0.21707220656304402,0.20281763155556476,0.15986956834341545,0.031747749088732236,0.006634288089556694,0.3026347611420481,0.2689584673099754,0.10820280918832098,0.4800815058191465,0.015748720213429344,0.8873437220814083,0.5047139434779798,0.0019751023755330646,0.038330973835114926,0.2265895658704015,0.07782889080931071,0.09963650745999682,0.16230555469368577,0.10113613003815046,0.15153893261350201,0.7772631470647089,1.6936625289651938e-33,3.678604763722853e-44,9.486947193767359e-42,1.7803994101481267e-25,2.089020426767081e-49,2.4158741483500012e-40,1.0477451551488056e-41,5.816270115034494e-09,8.759007748838676e-44,4.807603261861917e-21,2.4355226887201653e-10,1.5084661415685138e-35,2.1944343302726717e-22,1.0603741366097397e-45,1.541275251318773e-17,2.182445369892706e-37,3.866353041778831e-36,6.370864264053324e-30,9.216671878042338e-31,3.5410087492388052e-25,6.933977736879197e-43,8.666478999531488e-28,9.88998195994327e-46,8.677656066185038e-37,2.687510263822597e-36,8.736532813472501e-38,4.483222698008163e-41,1.8171364650084624e-52,9.844263358659593e-41,4.031925225051107e-14,9.948506767855504e-22,1.19991908644083e-18,1.939783161427766e-30,1.3386410800765257e-54,4.3479419578112084e-27,5.093684290232921e-31,2.485717325936767e-43,8.63080530161894e-30,3.5722499591062385e-29,6.893274170022752e-30,2.8974540022077995e-33,3.4230499769782767e-44,2.7895593702907144e-31,1.5592741615176746e-09,5.971057585026613e-38,1.1095509198688487e-30,1.7799777046694318e-36,5.508512072472442e-36,1.9077650612026395e-06,7.692577553739152e-36,1.9399659081612294e-59,1.2952552323696848e-51,4.630768270100141e-74,5.013521134736373e-59,6.947019258449944e-81,2.923261773682956e-59,4.622039954970827e-20,7.595835867250624e-56,1.5443712615089462e-54,1.228280710224259e-54,3.076773174286007e-55,4.841047580145626e-59,2.972872063449456e-81,8.228806559174464e-42,6.4270516395884585e-40,3.268044310283348e-63,5.6910567738214084e-67,1.470557580673865e-47,1.2685667057803204e-47,1.1675711796921475e-37,1.3077560894121111e-66,1.0543663578983441e-38,1.4583686696330908e-51,3.2199670957766533e-52,2.4388478851599696e-74,4.1980832572101174e-57,6.360919721664665e-53,9.595489029139884e-54,9.08484527325137e-68,1.1710186429292127e-50,4.276974563153129e-56,2.607302292668773e-44,4.800848310709911e-70,1.2470962928400095e-51,2.5426368371568477e-43,3.5717207843475044e-59,3.249871592539609e-57,1.7121741320129782e-62,9.864173857507714e-51,4.044993287128867e-67,1.3827760765322803e-81,1.2007915542705153e-50,1.2952552323696848e-51,6.226859982561522e-71,1.6561241577220652e-69,2.075344137152522e-59,2.194859016546412e-50,3.218089278468394e-64,2.929311673783215e-52,3.7912863087764067e-47
0.00386179248510143,0.2294752394547654,0.3077923294055864,0.5722631701980472,0.003861792485101375,0.0003728608655791751,0.24988599364201,0.010094689724025737,0.0,0.15992210475676605,0.00017541606300281693,0.07826746130206828,0.37565995199069535,0.7068131320114146,0.0004063103427548208,0.00020603988019336436,0.0004362799646245253,0.003617413996759037,0.00028444637541622626,0.0009891348138207831,0.0028051767504428584,0.0016313394388198827,0.12699434949060703,0.026257837052444225,0.09039392326110043,0.150284416469516,0.016906526767902844,0.0013568674933534233,0.00518139826243891,0.2877956102113916,0.24191962154480237,0.0020632571089051733,0.000947738238669843,0.000228136479565524,0.1555915431208205,0.07666593134166658,0.0022952280391929747,0.016916560947560548,0.9259610786423159,0.009549155601446984,0.012579186067506205,0.4340815061192391,0.6807123983233848,0.01950203361111777,0.003369087817310648,0.37565995199069535,0.0008906950846763504,0.4790357392249198,0.00035572482801211647,0.0333950917832565,1.7915735069784123e-21,4.655235482277541e-28,3.937937265178846e-26,1.8430084191054602e-14,2.043713450061935e-30,5.373011593571878e-24,3.765042944169567e-26,7.066796606245198e-05,1.9880505923677838e-27,3.842456797306908e-12,1.990876260902111e-05,3.897773746632918e-22,2.5870570516119546e-13,9.329432553956963e-28,3.253420188635248e-11,4.1543248546228045e-24,1.2617668514038157e-21,2.315769328031071e-18,5.4780948751464425e-18,6.38347535755725e-15,6.614969787478505e-26,1.2499495329455362e-17,5.5226311638198664e-27,2.4910864231611865e-22,4.730731249219633e-23,4.076807771793472e-24,2.1468966566151803e-25,4.217865634559306e-32,8.00624635496004e-25,5.931363599227331e-09,1.2424101030137655e-12,6.157765886386969e-11,8.426649389366901e-19,8.168895012788729e-32,5.08750023289644e-16,1.262706165195135e-19,2.790067153325934e-27,8.316884799016073e-18,5.026145634259594e-18,2.5853122191868005e-17,3.0042115297168973e-19,3.34596446151181e-27,5.848542305030269e-19,3.451175680093741e-05,1.7696286306872042e-22,4.73673575526929e-19,2.748910039149192e-22,1.2408567746585335e-22,0.0008418379384074444,8.503005099309236e-22,1.5958937836573492e-34,1.2813265373184e-29,8.8514210797459e-44,1.5879970965616065e-34,3.956443535209935e-47,1.009530298216638e-34,6.327553229570226e-11,7.466975534984699e-33,1.3274142115466671e-31,1.307498380291721e-32,1.6509527283283703e-33,1.354008280190029e-34,2.768188827028374e-48,1.2090073413815445e-23,6.689708473441294e-23,1.3501694774258247e-37,1.0113133362784254e-39,2.2579178696395573e-28,1.7338759837169304e-27,1.9599606194095982e-21,1.276315792993579e-39,3.1028753762973885e-22,4.286340925777608e-30,5.51437167000088e-31,2.671290613019557e-44,3.664143984365434e-34,1.4175438009772402e-31,3.529468719087395e-32,2.2847656923452517e-39,2.0178208812097956e-30,4.2943614786899464e-33,8.4282965603525e-27,1.2990992298742463e-40,8.901492982734841e-31,5.540314289944428e-25,4.4723120628782883e-35,8.362995044458596e-34,3.952714011386751e-37,2.286603095041628e-30,2.397783379427614e-40,4.238841919979895e-48,1.0376521706303449e-30,1.2813265373184e-29,8.174994940067691e-42,4.1081413660230135e-41,1.7057549537845996e-35,2.1940882969724457e-29,2.2589538382821007e-38,4.517004312305002e-31,9.175303931807758e-28
0.10958188581149653,0.7701911994892041,0.3854042138927062,0.3854042138927055,0.059958304536367114,0.00299147291416218,0.19504229911701618,0.2854848428733393,0.15992210475676605,0.0,0.006764260222771317,0.3518796955758913,0.7781214955872885,0.09478563699282354,0.0016085288246217057,0.0003654992700039984,0.0026888537202322165,0.08105765899133212,0.0029032193123935523,0.010120513301220142,0.07212320342809493,0.016612732674776552,0.06336757781780548,0.1514106472889418,0.22053259330409083,0.7525652148908368,0.1623206111818482,0.07330706282570972,0.1623206111818483,0.5437466835343896,0.7613003866968727,0.043089694217541996,0.003867471337471725,0.0008515842079075744,0.9090581104823718,0.3802267259947148,0.03437311169072284,0.11369575363525602,0.15992210475676588,0.2631982772529754,0.10303080346176402,0.0552997186692022,0.15992210475676588,0.05906053829533531,0.013653509502422131,0.556900101011394,0.011890371760214605,0.35187969557589,0.011889701745966605,0.49483719441660384,6.455915559938036e-28,8.022262915447504e-37,1.4948009196844371e-34,5.832005419358544e-20,2.001269326982063e-40,1.2086676639847733e-32,8.353903671508546e-35,7.955575041365838e-07,5.88776031030943e-36,7.156322722744822e-17,9.850606936822142e-08,2.273202755296482e-29,1.5321875580032078e-17,2.429537173264345e-37,1.8435727615434957e-14,3.9090569144199465e-31,1.319566299665299e-29,4.813970648396265e-24,1.7149097498273236e-24,6.645919999388155e-20,1.6456539644001812e-35,9.070501606735453e-23,7.824107539592673e-37,7.096279470539011e-30,6.969918113214278e-30,2.667631348311181e-31,1.276208205884968e-33,3.3560872577912644e-43,2.3116298208942262e-33,2.7830692303547853e-11,5.305083287112746e-17,1.5583881953466935e-14,1.4048264905521364e-24,3.7908195269822225e-44,3.7112489622963435e-22,4.389995558437418e-26,6.385821287179549e-36,8.802747241604425e-24,5.569156776461105e-24,1.0900680731416993e-23,1.659857469528241e-26,2.542020315826701e-36,4.513815994528192e-25,3.256050917629742e-07,1.622875225576785e-30,3.491286181858528e-25,9.057514635341437e-30,1.4654606366635503e-29,5.10385621892237e-05,4.359425236910618e-29,6.917245439442881e-49,8.942674179247083e-42,1.1918245310160564e-60,4.3818960028616776e-48,3.9092630547511544e-66,2.0986539596836584e-48,5.855399706386667e-16,1.5733399282177383e-45,4.726728996809642e-44,2.7734211804752408e-45,9.679431480253456e-46,5.644236432001911e-48,1.1451154784466343e-66,1.2278240380100746e-33,1.4241613136021839e-32,3.1919350498247096e-52,8.319733483026529e-55,2.4460550548508322e-39,1.1416266837562108e-38,6.422200354115161e-30,6.723721516769433e-55,1.802459865978168e-31,5.647310793490298e-42,1.750115757491999e-42,2.5407947922977965e-61,6.43614518639147e-47,3.274866628275682e-43,3.862445574154055e-44,3.589100184396607e-55,1.75829167485258e-41,9.918437681662473e-46,9.55080023585671e-37,4.7294965952533144e-57,5.4456373209469546e-42,7.39652164467323e-35,1.597182981091857e-48,2.367072974844387e-47,2.886283732243286e-51,1.1071584670328699e-41,2.5934351493448335e-55,4.3372989759226195e-67,6.272979304027156e-42,8.942674179247083e-42,2.5175576110840192e-58,2.119551882969176e-57,6.205967080776216e-49,1.0101371681172368e-40,9.174258685732045e-53,2.4414830977340883e-43,1.3733444929756284e-38
0.2873026385960721,0.0030690855641949065,0.0013710160291669862,0.00021357071821474197,0.2011775451766621,0.5454786969923039,0.008874654156910813,0.0800277874589939,0.00017541606300281693,0.006764260222771317,0.0,0.028754038583684846,0.0015823106636109507,0.0006306041068070531,0.32397496813272175,0.16574742084955202,0.53944556419448,0.2628146601312387,0.52627007956716,0.4557940183280163,0.4598299204287645,0.38150775086094546,0.025524253614093082,0.10321569463146717,0.04844243134628143,0.015644917062316833,0.08914697274890793,0.4903201935317261,0.3236307253894849,0.0030690855641949065,0.002787785746804571,0.4305616151996687,0.3872505815084539,0.3450903374924303,0.005767936120650861,0.02811565974897201,0.6239230868113008,0.12549390508478617,0.00032902428316099224,0.21843262628619275,0.13337942269453262,0.0002683316094540677,0.001157564330020805,0.1155694280421929,0.23134385871214727,0.0015823106636109507,0.4557940183280162,0.0009647411332670061,0.9285556805863211,0.05287240816164173,4.369319792620882e-22,1.2661098829445798e-29,7.208258546706578e-28,3.1541503117519433e-19,1.0915122790914313e-33,7.243698233966196e-29,3.5055926553175226e-28,1.1728168098534902e-07,1.5288674203190094e-29,4.842431182300375e-16,1.2012757707521305e-08,8.84442365960934e-25,2.5465424879064584e-16,9.928247180538716e-32,9.516197755629166e-13,9.032388197333123e-25,8.651731999210947e-26,1.9179788636866427e-21,5.57308673694596e-22,1.0426853306190815e-18,8.292984919163074e-30,2.7310702674845995e-19,4.807593609893998e-32,1.0915858653236134e-25,1.3212988041277115e-24,2.769918313338616e-25,9.034333396937959e-28,1.6886275253390238e-35,2.0101396200391421e-28,1.7767062577841104e-10,1.737552097820451e-16,3.025097722745198e-14,8.135493142284901e-22,1.6128022066238763e-38,1.1793212388493625e-19,3.670177455594412e-21,5.663949214440951e-29,4.592794888953331e-21,7.264396889852522e-21,2.727494181375933e-22,1.7989837017109787e-24,1.6993843685859786e-30,1.468161788782488e-22,4.561245167875991e-08,1.3925857683086067e-27,9.650935812500426e-22,5.605104235668854e-26,1.0469379365818639e-24,1.6430806683408007e-05,1.0713901874238504e-25,3.9516248624551906e-41,8.983119782455707e-37,2.4290886962615845e-50,5.292749521418039e-41,8.625424733343891e-56,2.577244835142524e-40,2.2003887338799588e-15,4.357784087778277e-38,6.69902097332081e-38,7.289055384376873e-37,1.5294921230346635e-37,5.048138604804402e-41,2.5693791136293274e-55,3.554625406853866e-30,2.1443818058234603e-28,2.5426368371571006e-43,5.544012980954295e-46,5.422526193847492e-32,9.587155469111822e-33,4.1075885696315266e-27,3.1475016260849573e-45,8.341892843091144e-28,3.3294588621811645e-35,2.6064379469822848e-36,1.625604222758002e-50,1.3696873203129167e-38,8.68150383939529e-37,2.848060800754506e-37,4.545258850505421e-47,2.8511329833616425e-34,3.534208499427261e-38,1.4758596616038407e-29,1.1615858844930024e-48,8.554086562177236e-36,1.2757232152205677e-30,5.778856031227509e-40,2.563491825185009e-39,6.119691783422124e-43,2.4588502349416575e-35,2.1149631278901852e-45,9.611271661987158e-56,3.36480447440127e-34,8.983119782455707e-37,2.0928918596105586e-48,2.1958608285938384e-47,1.6285700586571578e-40,2.419458943701542e-35,5.653107280686955e-44,6.151664411807177e-36,4.296154242930863e-33
0.25997998593329863,0.1737739434504453,0.278588554453097,0.2785885544530972,0.31515189867220156,0.02730746450990436,0.54206333198075,0.5795260146937596,0.07826746130206828,0.3518796955758913,0.028754038583684846,0.0,0.18612335708644534,0.05774552752453969,0.004328764802393509,0.0029560956837340613,0.01638955379021353,0.2361293164484657,0.010293150356914717,0.12454412297112144,0.09178194023632731,0.1585835383365968,0.14413686290912184,0.27499717647392935,0.617268832634073,0.2564484434217776,0.49842077757583486,0.17692120631776395,0.1753841514820837,0.659240630200445,0.4568731709856732,0.056666380973465415,0.03803436277285437,0.006875088897699153,0.36635296608541557,0.1569794773733785,0.035429259853000675,0.4490411402589375,0.09815887691693813,0.40137026275825016,0.27101464481149173,0.01216021747142274,0.1936308631961705,0.26636821632252894,0.13496013351659508,0.18612335708644542,0.145323661689138,0.36787944117144233,0.06067383722212045,0.4206200260541145,4.3275383094629826e-26,6.314676026908653e-34,2.678924074063059e-32,4.236970904296952e-19,5.492943789421362e-38,3.0250926738451607e-30,7.224754724098286e-32,1.4465639184845927e-06,8.817885047103142e-34,1.5291535194780955e-15,1.1143103174154821e-07,5.6512425423906425e-27,3.520155715016933e-17,1.102170682006142e-34,2.6759041907608386e-13,4.7021200736229887e-29,5.024078003821303e-27,1.2401094017362067e-22,1.5079911606946422e-23,6.077979504701602e-19,2.3091198185613078e-32,2.258526918991157e-21,7.363394984994468e-35,6.025757113115267e-28,5.150270669608184e-28,2.807319885808545e-29,9.345400569367352e-32,2.5995796346038484e-40,6.732163959241377e-31,7.832513492668487e-11,2.615646993457989e-16,5.001987148577029e-14,4.200268488304207e-23,3.392799410914917e-41,3.7940530394889123e-20,1.424094285370102e-23,1.8357845252988598e-33,6.603474842905647e-23,7.274355908288901e-22,2.404451461252046e-22,8.808687372680353e-25,1.4128188060980276e-33,1.0454327531821007e-23,4.821180649510751e-07,2.1375039730392807e-28,4.5605298298886674e-23,2.0718248646207455e-27,1.3987565741212329e-27,7.380885853943966e-05,5.741450536021805e-27,5.024055224235822e-45,8.610848075057917e-39,9.324587748553614e-57,9.88834649382697e-45,1.970112814761171e-61,1.615005398449237e-45,9.002841478130078e-15,7.732594196855969e-43,1.308741534159215e-41,6.484531273229974e-42,3.337836428115663e-42,6.29351883138464e-45,3.774064850827049e-62,2.0538342019975893e-31,4.2062477783068454e-30,4.159958872912264e-48,5.842583481735468e-51,1.4042233054614627e-36,1.3769233327623397e-36,1.669914146231521e-28,5.487880597279862e-51,5.289979296997886e-29,1.205409356743959e-39,8.662118085735891e-40,1.079867685455473e-56,7.84771612421347e-44,2.9793310245808422e-40,1.0082600365505035e-40,1.857499691105517e-51,5.745708651436503e-39,3.847520642467655e-43,3.1519281815836034e-34,3.448720560571089e-53,2.955022807020886e-39,1.0042923028475826e-32,1.1922680377374879e-45,2.082548788522701e-43,1.8196599985555014e-47,2.2714520850359273e-38,1.674536083500615e-51,2.9403237857578016e-62,5.125109855945736e-39,8.610848075057917e-39,3.9585621336551136e-54,4.9139326058348835e-53,1.5899323594042158e-45,2.249743357024513e-38,5.401856753471683e-49,1.2825330052175457e-39,1.6283089592416546e-35
